6786.540728 	0.387692 
6792.297805 	0.381407 
6797.998455 	0.375354 
6803.790901 	0.368702 
6809.668586 	0.362884 
6815.341345 	0.356734 
6821.097240 	0.350672 
6826.955228 	0.343995 
6832.880872 	0.337744 
6838.617259 	0.331156 
6844.402903 	0.324901 
6850.331529 	0.318572 
6856.282886 	0.312556 
6862.086009 	0.306097 
6867.885348 	0.299812 
6873.878812 	0.293507 
6879.847409 	0.286802 
6885.716377 	0.280870 
6891.535569 	0.274940 
6897.584648 	0.268509 
6903.571018 	0.262284 
6909.491938 	0.256077 
6915.347036 	0.250329 
6921.304017 	0.244032 
6927.358656 	0.238041 
6933.504524 	0.231621 
6939.428177 	0.225605 
6945.419132 	0.219286 
6951.518007 	0.213075 
6957.522261 	0.207161 
6963.496420 	0.200823 
6969.670975 	0.194673 
6975.682555 	0.188684 
6981.718219 	0.182446 
6987.937108 	0.176136 
6993.995414 	0.170370 
7000.086015 	0.164357 
7006.304814 	0.158321 
7012.423110 	0.152338 
7018.494587 	0.146221 
7024.801629 	0.140093 
7031.045868 	0.134135 
7037.211551 	0.128217 
7043.313082 	0.122317 
7049.505222 	0.116043 
7055.628791 	0.110405 
7061.841763 	0.104747 
7068.165948 	0.099001 
7073.099591 	0.094575 
7074.768645 	0.092909 
7075.120799 	0.092556 
7075.489964 	0.091712 
7075.842193 	0.092100 
7076.207192 	0.091645 
7076.567985 	0.091780 
7076.907590 	0.091224 
7077.238738 	0.090904 
7077.705796 	0.090291 
7078.130451 	0.089612 
7078.419246 	0.089645 
7078.716560 	0.089579 
7079.022397 	0.088521 
7079.374993 	0.088521 
7079.744621 	0.087588 
7080.105790 	0.088103 
7080.471248 	0.088325 
7080.836744 	0.087685 
7081.176777 	0.087620 
7081.504090 	0.086851 
7081.967484 	0.086659 
7082.392671 	0.085604 
7082.681829 	0.086051 
7082.975264 	0.084931 
7083.281484 	0.085956 
7083.634522 	0.084837 
7084.004614 	0.084485 
7084.357727 	0.083978 
7084.723643 	0.084040 
7085.089597 	0.084133 
7085.425799 	0.083657 
7085.913139 	0.083420 
7086.362234 	0.082862 
7086.638958 	0.082097 
7086.932735 	0.081626 
7087.226537 	0.082831 
7087.709876 	0.081510 
7088.069763 	0.081069 
7088.252916 	0.081244 
7088.610731 	0.080686 
7088.977104 	0.079721 
7089.339256 	0.081536 
7089.844203 	0.080057 
7090.332176 	0.080804 
7090.626272 	0.078142 
7090.903343 	0.078550 
7091.197488 	0.079253 
7091.647282 	0.077938 
7092.156836 	0.078085 
7092.523591 	0.078464 
7092.881855 	0.077326 
7093.248689 	0.076863 
7093.611296 	0.076568 
7093.952608 	0.076456 
7094.281154 	0.075404 
7094.601196 	0.075514 
7094.895661 	0.075810 
7095.168812 	0.075377 
7095.606324 	0.075106 
7096.065240 	0.075295 
7096.415338 	0.073865 
7096.782552 	0.074890 
7097.141265 	0.073461 
7097.504287 	0.074135 
7097.871619 	0.074216 
7098.213358 	0.073354 
7098.542315 	0.072601 
7098.862758 	0.073004 
7099.157592 	0.072172 
7099.431085 	0.071979 
7099.869145 	0.072023 
7100.324361 	0.071770 
7100.679172 	0.071446 
7101.051122 	0.071019 
7101.406009 	0.071148 
7101.773762 	0.071368 
7102.141554 	0.070669 
7102.483723 	0.070592 
7102.817370 	0.070242 
7103.142493 	0.070344 
7103.433420 	0.070993 
7103.859158 	0.069880 
7104.302068 	0.069817 
7104.614493 	0.069842 
7104.965471 	0.069043 
7105.337889 	0.068743 
7105.697503 	0.069518 
7106.061438 	0.069043 
7106.429693 	0.069442 
7106.772292 	0.069893 
7107.102076 	0.069392 
7107.423325 	0.068718 
7107.714617 	0.068644 
7108.138748 	0.070417 
7108.580072 	0.070490 
7108.888604 	0.072172 
7109.240022 	0.073517 
7109.612907 	0.074672 
7109.972972 	0.079257 
7110.341651 	0.082698 
7110.706081 	0.087298 
7111.049110 	0.091055 
7111.379307 	0.092723 
7111.700959 	0.096850 
7112.132020 	0.100691 
7112.563136 	0.099973 
7112.859157 	0.099513 
7113.168076 	0.096500 
7113.519935 	0.095660 
7113.893288 	0.095660 
7114.253806 	0.096359 
7114.618654 	0.097549 
7114.992127 	0.097513 
7115.335587 	0.098741 
7115.666199 	0.098428 
7115.992550 	0.100249 
7116.424153 	0.101695 
7116.855811 	0.105671 
7117.152205 	0.108353 
7117.461512 	0.113468 
7117.809517 	0.118702 
7118.183340 	0.127357 
7118.544310 	0.137283 
7118.909617 	0.148867 
7119.279262 	0.163466 
7119.623153 	0.182741 
7119.954181 	0.203825 
7120.424983 	0.242452 
7120.848546 	0.286633 
7121.140986 	0.313344 
7121.437751 	0.339209 
7121.747447 	0.364307 
7122.095889 	0.386013 
7122.470180 	0.408802 
7122.827301 	0.433947 
7123.193066 	0.462314 
7123.563174 	0.489511 
7123.907497 	0.522721 
7124.402521 	0.573063 
7124.863173 	0.623170 
7125.143039 	0.653845 
7125.435846 	0.684392 
7125.732984 	0.713415 
7126.043070 	0.741058 
7126.396257 	0.766172 
7126.771019 	0.787330 
7127.132898 	0.806180 
7127.503432 	0.816501 
7127.874007 	0.824415 
7128.223073 	0.827839 
7128.720878 	0.834055 
7129.179956 	0.841892 
7129.460176 	0.851774 
7129.749041 	0.862837 
7130.201789 	0.878648 
7130.710663 	0.892604 
7131.085899 	0.897621 
7131.448234 	0.897589 
7131.814922 	0.894837 
7132.000438 	0.891061 
7132.358555 	0.881758 
7132.863435 	0.861964 
7133.187114 	0.850475 
7133.484927 	0.836738 
7133.765499 	0.820981 
7134.059044 	0.812619 
7134.510204 	0.797660 
7135.013242 	0.786333 
7135.388949 	0.779741 
7135.751740 	0.774248 
7136.118889 	0.763499 
7136.490398 	0.757381 
7136.836023 	0.748386 
7137.173042 	0.738683 
7137.501450 	0.727763 
7137.799638 	0.718015 
7138.080564 	0.708684 
7138.523608 	0.694726 
7138.988326 	0.680954 
7139.338527 	0.675104 
7139.714709 	0.665540 
7140.077958 	0.659432 
7140.449896 	0.654061 
7140.821875 	0.646882 
7141.167937 	0.642664 
7141.501055 	0.638579 
7141.825552 	0.634145 
7142.124117 	0.634186 
7142.554701 	0.631054 
7142.998324 	0.629618 
7143.305648 	0.630447 
7143.660619 	0.632153 
7144.032946 	0.632543 
7144.392323 	0.633549 
7144.764730 	0.632933 
7145.137176 	0.632318 
7145.483675 	0.632276 
7145.821544 	0.629961 
7146.146450 	0.629393 
7146.449724 	0.622925 
7146.876518 	0.616953 
7147.320700 	0.610616 
7147.628412 	0.604629 
7147.979496 	0.598976 
7148.356627 	0.593925 
7148.720793 	0.587995 
7149.089333 	0.582379 
7149.462250 	0.578727 
7149.813522 	0.572551 
7150.151818 	0.569743 
7150.481472 	0.564314 
7150.926121 	0.558098 
7151.362150 	0.551850 
7151.661546 	0.549353 
7151.973986 	0.544560 
7152.325515 	0.541424 
7152.703124 	0.538054 
7153.067751 	0.534205 
7153.436758 	0.530767 
7153.810147 	0.526653 
7154.161865 	0.523832 
7154.496247 	0.518711 
7154.826318 	0.516731 
7155.267186 	0.512095 
7155.699423 	0.506569 
7155.999196 	0.505194 
7156.307686 	0.503583 
7156.659659 	0.499032 
7157.033399 	0.499582 
7157.398486 	0.497772 
7157.767958 	0.496758 
7158.141818 	0.494807 
7158.493979 	0.495747 
7158.828783 	0.496437 
7159.311480 	0.494441 
7159.746400 	0.494710 
7160.037827 	0.494931 
7160.337979 	0.495304 
7160.651209 	0.496215 
7160.999277 	0.497349 
7161.377840 	0.497226 
7161.743388 	0.498707 
7162.117681 	0.502347 
7162.492014 	0.500982 
7162.844621 	0.503608 
7163.184202 	0.503382 
7163.667511 	0.505725 
7164.102982 	0.506356 
7164.399134 	0.509791 
7164.699667 	0.510251 
7165.369065 	0.513781 
7167.006806 	0.523471 
7168.918611 	0.542793 
7170.828424 	0.564725 
7172.665368 	0.587477 
7174.459901 	0.602552 
7176.416204 	0.610499 
7178.312104 	0.613871 
7180.291013 	0.612677 
7182.026045 	0.608941 
7183.942991 	0.604195 
7185.792196 	0.600563 
7187.787534 	0.595645 
7189.728742 	0.590650 
7191.466331 	0.584317 
7193.451335 	0.576997 
7195.194459 	0.570024 
7197.302231 	0.561949 
7199.287364 	0.553739 
7201.164758 	0.544967 
7203.075324 	0.537661 
7204.832707 	0.532152 
7206.821138 	0.527831 
7208.727917 	0.524246 
7210.707403 	0.521440 
7212.513713 	0.519981 
7214.390782 	0.519786 
7216.304386 	0.520706 
7218.247359 	0.521534 
7220.240995 	0.521172 
7221.978617 	0.519891 
7223.968195 	0.518300 
7225.780391 	0.515557 
7227.658591 	0.511005 
7229.737448 	0.507768 
7231.714390 	0.504899 
7233.695631 	0.503192 
7235.448593 	0.502013 
7237.462064 	0.500300 
7239.413944 	0.498028 
7241.542830 	0.494546 
7243.872257 	0.489068 
7246.524184 	0.483645 
7249.006059 	0.479117 
7251.827880 	0.476205 
7254.354404 	0.475550 
7256.930368 	0.476236 
7259.738465 	0.478120 
7262.232966 	0.479028 
7264.915871 	0.479813 
7267.420884 	0.478749 
7270.214590 	0.476564 
7273.024155 	0.475255 
7275.542215 	0.475467 
7278.232626 	0.475224 
7280.733528 	0.473520 
7283.551805 	0.469987 
7286.167829 	0.466044 
7288.729058 	0.461005 
7291.583143 	0.455958 
7294.085522 	0.451215 
7296.773409 	0.445508 
7299.350645 	0.439593 
7301.960036 	0.432999 
7304.801097 	0.426493 
7307.316322 	0.420016 
7310.031957 	0.413783 
7312.771036 	0.407138 
7315.571384 	0.400813 
7318.246090 	0.396484 
7320.786407 	0.393341 
7323.682044 	0.392751 
7326.238425 	0.392953 
7328.910239 	0.394416 
7331.546707 	0.395609 
7334.133051 	0.396568 
7337.035096 	0.397597 
7339.577132 	0.397702 
7342.299745 	0.396735 
7345.083515 	0.393889 
7347.874070 	0.390174 
7351.120652 	0.385817 
7354.459285 	0.380648 
7357.779281 	0.375518 
7361.338626 	0.369316 
7364.757431 	0.363554 
7367.899963 	0.357314 
7371.253889 	0.351893 
7374.844834 	0.346803 
7378.266089 	0.343411 
7381.402073 	0.339415 
7384.788214 	0.335495 
7388.395658 	0.331637 
7391.800500 	0.328880 
7394.947931 	0.326910 
7398.374260 	0.325702 
7401.999701 	0.324888 
7405.385543 	0.324190 
7408.562125 	0.323001 
7412.014190 	0.320336 
7415.640897 	0.317297 
7419.010051 	0.313006 
7422.403272 	0.308758 
7425.862177 	0.303163 
7429.286020 	0.298133 
7432.648055 	0.293044 
7436.080857 	0.287128 
7439.733004 	0.281280 
7443.171399 	0.276497 
7446.366528 	0.272479 
7449.842994 	0.268516 
7453.512974 	0.265382 
7456.938677 	0.262877 
7460.168197 	0.260452 
7463.672333 	0.258181 
7467.345552 	0.255235 
7470.764195 	0.252627 
7474.034691 	0.250256 
7477.556011 	0.248030 
7481.037255 	0.245212 
7484.661082 	0.241592 
7488.689500 	0.237800 
7492.750234 	0.233698 
7496.813363 	0.229032 
7501.043828 	0.224646 
7505.298729 	0.220155 
7509.162416 	0.216317 
7513.227187 	0.211993 
7517.489185 	0.207794 
7521.604296 	0.203867 
7525.714872 	0.200395 
7529.817377 	0.196325 
7533.913535 	0.192219 
7537.994074 	0.188523 
7542.081842 	0.184832 
7546.196704 	0.180957 
7550.509295 	0.177210 
7554.817496 	0.173426 
7558.950324 	0.169241 
7563.071004 	0.165387 
7567.173722 	0.161771 
7571.293935 	0.157986 
7575.439253 	0.153976 
7579.777044 	0.149825 
7584.117016 	0.145950 
7588.293860 	0.141630 
7592.440634 	0.137956 
7596.574221 	0.133618 
7600.738441 	0.129587 
7604.912325 	0.125413 
7609.287125 	0.121456 
7613.672385 	0.117845 
7617.875849 	0.114623 
7622.054855 	0.111095 
7626.231853 	0.107578 
7630.428038 	0.104165 
7634.630366 	0.100069 
7639.039206 	0.096146 
7643.456116 	0.091895 
7647.679222 	0.087678 
7652.064650 	0.083860 
7656.862420 	0.079483 
7661.664531 	0.075229 
7666.274356 	0.071343 
7671.102156 	0.067375 
7675.922113 	0.063378 
7680.762089 	0.059555 
7685.607647 	0.055407 
7690.463162 	0.051575 
7695.311787 	0.047754 
7700.185750 	0.044369 
7705.039223 	0.040419 
7709.923289 	0.036633 
7715.004784 	0.032569 
7719.875275 	0.029078 
7724.774920 	0.024834 
7729.672672 	0.020179 
7734.569917 	0.015915 
7739.681570 	0.011069 
7744.601209 	0.007193 
7749.513786 	0.003141 
7754.455586 	-0.000935 
7759.384540 	-0.005076 
7764.331231 	-0.009332 
7769.279365 	-0.013492 
7774.428300 	-0.017764 
7779.394466 	-0.021489 
7784.359705 	-0.025169 
7789.332966 	-0.029257 
7794.305821 	-0.032934 
7799.303397 	-0.037058 
7804.284266 	-0.041133 
7809.279866 	-0.044914 
7814.080700 	-0.048698 
7819.084262 	-0.052582 
7824.302542 	-0.056840 
7829.322677 	-0.060567 
7834.350553 	-0.064353 
7839.388409 	-0.068557 
7844.453188 	-0.072190 
7849.713034 	-0.076407 
7855.001669 	-0.080948 
7860.502142 	-0.084957 
7866.205391 	-0.089469 
7871.710495 	-0.093749 
7877.212993 	-0.097651 
7882.925794 	-0.102057 
7888.649446 	-0.105998 
7894.372184 	-0.110628 
7899.921293 	-0.114438 
7905.453845 	-0.118851 
7911.209077 	-0.122854 
7916.790543 	-0.126898 
7922.358455 	-0.130986 
7927.957847 	-0.135309 
7933.565719 	-0.139406 
7939.171844 	-0.143513 
7944.796154 	-0.147741 
7950.625419 	-0.152103 
7956.242420 	-0.156140 
7961.896547 	-0.160135 
7967.528017 	-0.164490 
7973.191411 	-0.168246 
7979.062646 	-0.172576 
7984.923730 	-0.176833 
7990.602830 	-0.181115 
7996.281141 	-0.185490 
8002.172299 	-0.189514 
8008.087710 	-0.193510 
8013.790723 	-0.197491 
8019.498379 	-0.201384 
8025.439490 	-0.205276 
8031.177729 	-0.209100 
8036.929729 	-0.213525 
8042.680690 	-0.217118 
8048.437747 	-0.221459 
8054.214298 	-0.225663 
8059.982611 	-0.229475 
8065.983837 	-0.233867 
8071.762889 	-0.238233 
8077.557213 	-0.241775 
8083.803663 	-0.246036 
8090.247731 	-0.250630 
8096.699041 	-0.254939 
8102.954567 	-0.258913 
8109.214282 	-0.263158 
8115.516152 	-0.267310 
8121.807908 	-0.271333 
8128.112322 	-0.275180 
8134.426462 	-0.279540 
8140.948045 	-0.283542 
8147.282968 	-0.287940 
8153.601115 	-0.292219 
8159.965658 	-0.296500 
8166.333275 	-0.300528 
8172.713245 	-0.304675 
8179.122932 	-0.309008 
8185.504426 	-0.312949 
8191.924449 	-0.316567 
8198.551093 	-0.320717 
8204.976227 	-0.324916 
8211.419288 	-0.329091 
8217.870997 	-0.333224 
8224.342715 	-0.337409 
8230.809272 	-0.341328 
8237.293794 	-0.345273 
8243.783779 	-0.349258 
8250.269866 	-0.353521 
8256.997716 	-0.357756 
8263.517715 	-0.361879 
8270.044535 	-0.366106 
8276.601310 	-0.370317 
8283.154296 	-0.374322 
8289.723453 	-0.378402 
8296.301441 	-0.382473 
8303.107688 	-0.386847 
8309.705667 	-0.390911 
8316.296890 	-0.395091 
8322.939652 	-0.399123 
8329.570574 	-0.402797 
8336.217125 	-0.406610 
8343.122059 	-0.410239 
8350.227298 	-0.414328 
8357.344686 	-0.418624 
8364.475777 	-0.422977 
8371.417410 	-0.427036 
8378.366901 	-0.431527 
8385.317422 	-0.435892 
8392.283048 	-0.439943 
8399.451421 	-0.444260 
8406.669704 	-0.448477 
8413.671505 	-0.452468 
8420.691000 	-0.456708 
8427.726217 	-0.461010 
8434.979923 	-0.465686 
8442.255054 	-0.470092 
8449.295146 	-0.474624 
