6786.558037 	0.416584 
6792.319748 	0.410349 
6798.029887 	0.403913 
6803.829613 	0.397709 
6809.716832 	0.390926 
6815.392979 	0.384639 
6821.154346 	0.378612 
6827.016074 	0.372554 
6832.793164 	0.365927 
6838.536134 	0.359762 
6844.475629 	0.353489 
6850.399752 	0.347253 
6856.198162 	0.340698 
6862.009518 	0.334348 
6867.962375 	0.328321 
6873.950723 	0.321874 
6879.764732 	0.315717 
6885.638542 	0.309669 
6891.613574 	0.303022 
6897.508629 	0.296973 
6903.337643 	0.290920 
6909.414423 	0.284457 
6915.424754 	0.278480 
6921.383581 	0.271798 
6927.280060 	0.266023 
6933.266890 	0.259959 
6939.352501 	0.253573 
6945.498846 	0.247124 
6951.438116 	0.241067 
6957.439754 	0.235240 
6963.574408 	0.228978 
6969.589947 	0.223030 
6975.606365 	0.217106 
6981.801195 	0.210643 
6988.015668 	0.204492 
6994.076878 	0.198702 
7000.163616 	0.192648 
7006.220584 	0.186714 
7012.341762 	0.180580 
7018.572988 	0.174323 
7024.715867 	0.168406 
7030.796354 	0.162413 
7037.126720 	0.156364 
7043.389628 	0.150245 
7049.579693 	0.144629 
7055.705617 	0.138578 
7061.920509 	0.132682 
7068.244284 	0.126846 
7073.177193 	0.122330 
7074.853498 	0.121168 
7075.214147 	0.120998 
7075.579079 	0.120727 
7075.931317 	0.121033 
7076.300570 	0.120466 
7076.657128 	0.119935 
7076.992497 	0.119144 
7077.319407 	0.119100 
7077.633610 	0.118354 
7078.060379 	0.118156 
7078.491448 	0.118398 
7078.788769 	0.118177 
7079.107357 	0.117038 
7079.468458 	0.116115 
7079.838096 	0.116514 
7080.195026 	0.116337 
7080.564743 	0.115770 
7080.921749 	0.115770 
7081.257539 	0.114633 
7081.584861 	0.115599 
7081.895207 	0.115069 
7082.320385 	0.114394 
7082.754122 	0.114548 
7083.047563 	0.113329 
7083.362297 	0.113329 
7083.723851 	0.112978 
7084.089698 	0.112070 
7084.447075 	0.112978 
7084.813000 	0.111555 
7085.170453 	0.112811 
7085.502407 	0.111329 
7085.834394 	0.111164 
7086.287736 	0.110814 
7086.707078 	0.111205 
7087.000861 	0.110033 
7087.298927 	0.109952 
7087.614055 	0.110033 
7087.976061 	0.109213 
7088.342366 	0.109562 
7088.695930 	0.108353 
7089.066573 	0.108582 
7089.424474 	0.109441 
7089.761105 	0.108044 
7090.089246 	0.108353 
7090.547418 	0.106952 
7090.971548 	0.107726 
7091.265700 	0.106370 
7091.559877 	0.106680 
7091.883927 	0.106680 
7092.246389 	0.105981 
7092.613154 	0.105554 
7092.971427 	0.105826 
7093.338271 	0.106174 
7093.696621 	0.105012 
7094.033675 	0.105012 
7094.520116 	0.104391 
7094.959679 	0.104238 
7095.237103 	0.103078 
7095.531623 	0.103541 
7095.826169 	0.103003 
7096.142087 	0.103040 
7096.505003 	0.101683 
7096.872227 	0.102306 
7097.226678 	0.101808 
7097.593980 	0.102193 
7097.957050 	0.101148 
7098.456869 	0.101018 
7098.935396 	0.100963 
7099.221690 	0.099643 
7099.503735 	0.100926 
7099.794351 	0.100578 
7100.247419 	0.098710 
7100.768949 	0.099736 
7101.136633 	0.100504 
7101.491529 	0.100157 
7101.863568 	0.099040 
7102.227093 	0.098548 
7102.564993 	0.098932 
7102.898648 	0.098548 
7103.215223 	0.098787 
7103.501876 	0.097924 
7103.784276 	0.097853 
7104.227176 	0.098512 
7104.691534 	0.097745 
7105.055361 	0.098129 
7105.427789 	0.097950 
7105.783132 	0.097291 
7106.151357 	0.097710 
7106.515340 	0.096526 
7106.849382 	0.097291 
7107.183457 	0.097986 
7107.496146 	0.097425 
7107.778876 	0.098332 
7108.061630 	0.098715 
7108.500801 	0.098512 
7108.965741 	0.099445 
7109.330025 	0.100815 
7109.698633 	0.102626 
7110.054421 	0.106441 
7110.427395 	0.110041 
7110.787547 	0.114316 
7111.126296 	0.117132 
7111.456501 	0.120477 
7111.769582 	0.123312 
7112.056956 	0.125626 
7112.483772 	0.125580 
7112.927803 	0.123614 
7113.245310 	0.120174 
7113.605760 	0.118868 
7113.974830 	0.119137 
7114.339649 	0.120130 
7114.717384 	0.121909 
7115.082282 	0.122436 
7115.421457 	0.124007 
7115.752078 	0.124793 
7116.069848 	0.126367 
7116.357584 	0.128196 
7116.782790 	0.130366 
7117.225233 	0.135417 
7117.543140 	0.139849 
7117.904043 	0.146439 
7118.277876 	0.154498 
7118.634559 	0.166486 
7119.004174 	0.178790 
7119.369530 	0.195941 
7119.704832 	0.213905 
7120.035868 	0.235208 
7120.354036 	0.260593 
7120.781891 	0.302036 
7121.218400 	0.345678 
7121.515173 	0.373461 
7121.829177 	0.401474 
7122.190533 	0.429927 
7122.560533 	0.460926 
7122.917663 	0.494599 
7123.292045 	0.530385 
7123.657859 	0.571080 
7123.997887 	0.612194 
7124.329339 	0.657851 
7124.792134 	0.727019 
7125.216238 	0.801032 
7125.513358 	0.852536 
7125.814810 	0.902239 
7126.133517 	0.956000 
7126.495328 	1.006639 
7126.865793 	1.051870 
7127.227682 	1.090960 
7127.602536 	1.119472 
7127.968812 	1.140047 
7128.309268 	1.152040 
7128.641138 	1.158821 
7129.108828 	1.153553 
7129.533467 	1.144832 
7129.826650 	1.138561 
7130.128483 	1.131297 
7130.443279 	1.124091 
7130.805547 	1.119100 
7131.180792 	1.114844 
7131.538824 	1.107025 
7131.909836 	1.102115 
7132.272258 	1.089912 
7132.613143 	1.079610 
7133.105113 	1.059358 
7133.553989 	1.041045 
7133.834566 	1.031095 
7134.132435 	1.022317 
7134.430330 	1.015837 
7134.745522 	1.007045 
7135.108245 	1.000688 
7135.479643 	0.993287 
7135.842444 	0.985259 
7136.213923 	0.976077 
7136.581121 	0.964123 
7137.088784 	0.949124 
7137.579236 	0.930997 
7137.873109 	0.921870 
7138.154040 	0.910749 
7138.452285 	0.902497 
7138.754878 	0.893779 
7139.074792 	0.886066 
7139.437974 	0.876024 
7139.809842 	0.870693 
7140.173101 	0.864564 
7140.545050 	0.856954 
7141.079255 	0.848927 
7141.583258 	0.840211 
7141.907763 	0.837542 
7142.197680 	0.833294 
7142.478966 	0.828580 
7142.777587 	0.825932 
7143.234225 	0.823538 
7143.755862 	0.821201 
7144.123869 	0.817089 
7144.487586 	0.815178 
7144.860003 	0.811968 
7145.228129 	0.809203 
7145.570305 	0.805411 
7145.903851 	0.798546 
7146.228765 	0.794905 
7146.519047 	0.786044 
7146.800688 	0.778904 
7147.247027 	0.767109 
7147.715096 	0.753297 
7148.074859 	0.743388 
7148.452000 	0.731844 
7148.816176 	0.724651 
7149.184727 	0.714039 
7149.553317 	0.708436 
7149.900261 	0.698676 
7150.238566 	0.691425 
7150.563891 	0.686279 
7150.858878 	0.679811 
7151.290560 	0.672015 
7151.739653 	0.663639 
7152.060780 	0.660946 
7152.425339 	0.656312 
7152.798618 	0.653635 
7153.158914 	0.649384 
7153.532273 	0.646440 
7153.901330 	0.642474 
7154.244371 	0.639623 
7154.583104 	0.634690 
7154.904497 	0.633433 
7155.199858 	0.629253 
7155.629914 	0.625243 
7156.077402 	0.620906 
7156.394590 	0.618402 
7156.755263 	0.616491 
7157.133359 	0.615856 
7157.489763 	0.614877 
7157.863593 	0.613950 
7158.237463 	0.613368 
7158.580938 	0.613659 
7158.915750 	0.613421 
7159.241898 	0.614055 
7159.678984 	0.614757 
7160.116125 	0.616250 
7160.420634 	0.618550 
7160.738223 	0.619480 
7161.099352 	0.622670 
7161.477926 	0.623606 
7161.839134 	0.625527 
7162.217789 	0.629038 
7162.587780 	0.631313 
7162.936043 	0.634542 
7163.271280 	0.636827 
7163.597841 	0.641101 
7164.035480 	0.645117 
7164.477531 	0.651159 
7164.778071 	0.655775 
7165.463459 	0.663778 
7167.096886 	0.683710 
7168.997839 	0.709092 
7170.923550 	0.733256 
7172.746864 	0.758740 
7174.555128 	0.775473 
7176.500703 	0.780107 
7178.223770 	0.778086 
7180.201025 	0.771352 
7182.107763 	0.765110 
7184.039355 	0.762111 
7185.873273 	0.759619 
7187.696180 	0.755476 
7189.645089 	0.750232 
7191.555589 	0.744805 
7193.539180 	0.739751 
7195.276489 	0.736421 
7197.216635 	0.732121 
7199.059323 	0.725033 
7201.075545 	0.718018 
7203.156807 	0.709983 
7204.922605 	0.701434 
7206.907853 	0.692866 
7208.638656 	0.684944 
7210.616620 	0.677471 
7212.593211 	0.671137 
7214.487999 	0.665969 
7216.386918 	0.661395 
7218.155050 	0.657914 
7220.151584 	0.655340 
7222.066451 	0.654112 
7224.063021 	0.654965 
7225.857976 	0.655092 
7227.757954 	0.655355 
7229.666222 	0.654450 
7231.630012 	0.652285 
7233.625424 	0.650972 
7235.374202 	0.648770 
7237.377695 	0.647459 
7239.178058 	0.646162 
7241.448671 	0.644013 
7243.956375 	0.640062 
7246.614021 	0.636702 
7249.096438 	0.633112 
7251.908282 	0.631056 
7254.445720 	0.630292 
7257.012006 	0.631076 
7259.657883 	0.632868 
7262.157926 	0.634787 
7264.996014 	0.636759 
7267.508696 	0.636952 
7270.131271 	0.636781 
7272.926413 	0.636524 
7275.447214 	0.634680 
7278.135221 	0.632177 
7280.821353 	0.627113 
7283.628996 	0.620357 
7286.259980 	0.612166 
7288.808056 	0.603821 
7291.499161 	0.595866 
7294.000996 	0.589182 
7296.850892 	0.582408 
7299.439909 	0.577211 
7302.038199 	0.572285 
7304.884993 	0.567860 
7307.399954 	0.563563 
7310.116545 	0.559839 
7312.672100 	0.557007 
7315.489254 	0.553277 
7318.335835 	0.549911 
7320.868976 	0.548619 
7323.602258 	0.548686 
7326.149456 	0.549128 
7328.987291 	0.548762 
7331.637444 	0.548750 
7334.214790 	0.547270 
7337.120908 	0.545837 
7339.665459 	0.543432 
7342.379382 	0.539888 
7344.987436 	0.535513 
7347.796796 	0.530050 
7351.206116 	0.522650 
7354.550247 	0.516028 
7357.680154 	0.509860 
7361.081043 	0.504373 
7364.660313 	0.499712 
7367.990758 	0.495979 
7371.340302 	0.493338 
7374.760750 	0.490831 
7378.162530 	0.488708 
7381.491155 	0.486294 
7384.872174 	0.484561 
7388.480168 	0.481541 
7391.888809 	0.477993 
7395.036318 	0.475022 
7398.459473 	0.472052 
7401.919168 	0.468405 
7405.287775 	0.465051 
7408.647737 	0.461863 
7412.099730 	0.458477 
7415.558495 	0.453309 
7418.915812 	0.447936 
7422.303995 	0.442064 
7425.767444 	0.435864 
7429.198972 	0.430820 
7432.557949 	0.425724 
7436.165562 	0.420758 
7439.652507 	0.417592 
7442.885884 	0.413636 
7446.285304 	0.410651 
7449.928498 	0.407205 
7453.431483 	0.404570 
7456.649436 	0.401703 
7460.084818 	0.398445 
7463.757692 	0.395203 
7467.260372 	0.391995 
7470.475422 	0.388795 
7473.947502 	0.385490 
7477.641224 	0.382341 
7481.134146 	0.379095 
7484.557795 	0.376793 
7488.605321 	0.373400 
7492.838023 	0.368944 
7496.899945 	0.363943 
7500.960776 	0.358727 
7505.013092 	0.353388 
7509.067332 	0.348553 
7513.123496 	0.344126 
7517.214398 	0.339769 
7521.516281 	0.335390 
7525.801710 	0.330794 
7529.909143 	0.326481 
7534.008042 	0.322664 
7538.089127 	0.318982 
7542.178324 	0.315325 
7546.293736 	0.311371 
7550.605228 	0.307096 
7554.911221 	0.302982 
7559.049024 	0.298702 
7563.172475 	0.295015 
7567.274419 	0.290963 
7571.393414 	0.287115 
7575.536177 	0.283472 
7579.874565 	0.279372 
7584.217736 	0.275290 
7588.392910 	0.270984 
7592.540690 	0.265960 
7596.677073 	0.261623 
7600.839619 	0.257154 
7605.014514 	0.252747 
7609.200447 	0.248964 
7613.583545 	0.244612 
7617.981098 	0.240361 
7622.158874 	0.236476 
7626.337793 	0.232190 
7630.531842 	0.228183 
7634.731577 	0.224415 
7638.949223 	0.220566 
7643.364289 	0.216493 
7647.778524 	0.212285 
7652.167438 	0.208463 
7656.781264 	0.203964 
7661.575568 	0.200118 
7666.385477 	0.195854 
7671.212585 	0.191360 
7676.033524 	0.187286 
7680.875129 	0.182427 
7685.720189 	0.178356 
7690.574945 	0.173805 
7695.424203 	0.169339 
7700.300551 	0.164771 
7705.157842 	0.160229 
7710.043463 	0.155590 
7714.920394 	0.151216 
7719.806455 	0.146793 
7724.699252 	0.142053 
7729.603311 	0.137803 
7734.692459 	0.133038 
7739.610024 	0.128590 
7744.526123 	0.124280 
7749.451253 	0.119928 
7754.390437 	0.115664 
7759.521339 	0.111429 
7764.469762 	0.107155 
7769.421679 	0.102876 
7774.380864 	0.098746 
7779.325537 	0.094482 
7784.309126 	0.090421 
7789.264320 	0.086111 
7794.250685 	0.081505 
7799.241795 	0.077301 
7804.226783 	0.073040 
7809.224510 	0.068669 
7814.224984 	0.064521 
7819.227265 	0.060336 
7824.238821 	0.055771 
7829.270250 	0.051444 
7834.282294 	0.047290 
7839.339544 	0.042978 
7844.386196 	0.038617 
7849.453472 	0.034438 
7854.953906 	0.029887 
7860.646193 	0.025205 
7866.139912 	0.020326 
7871.656616 	0.016459 
7877.352754 	0.011976 
7883.065386 	0.007563 
7888.590331 	0.003263 
7894.105112 	-0.001396 
7899.852800 	-0.005817 
7905.595789 	-0.010733 
7911.155079 	-0.014992 
7916.722306 	-0.019632 
7922.303061 	-0.023841 
7927.892364 	-0.028558 
7933.712936 	-0.033180 
7939.316523 	-0.037807 
7944.944958 	-0.042338 
7950.557113 	-0.046654 
7956.187844 	-0.050989 
7961.826879 	-0.055494 
7967.471790 	-0.059777 
7973.338209 	-0.064518 
7978.989137 	-0.068864 
7984.651459 	-0.073026 
7990.540144 	-0.077532 
7996.423740 	-0.081861 
8002.315898 	-0.086452 
8008.027785 	-0.090741 
8013.713111 	-0.095090 
8019.643407 	-0.099395 
8025.380053 	-0.103832 
8031.103104 	-0.108298 
8036.864590 	-0.112236 
8042.610102 	-0.116693 
8048.583461 	-0.121248 
8054.358641 	-0.125465 
8060.127566 	-0.130171 
8065.906310 	-0.134203 
8071.701118 	-0.138536 
8077.703219 	-0.143034 
8083.952087 	-0.147921 
8090.388554 	-0.152405 
8096.633486 	-0.157112 
8102.873918 	-0.161503 
8109.145488 	-0.166163 
8115.441206 	-0.170900 
8121.731740 	-0.175324 
8128.049528 	-0.179959 
8134.350669 	-0.184198 
8140.666166 	-0.188940 
8147.210962 	-0.193601 
8153.748778 	-0.198458 
8160.118420 	-0.203005 
8166.264348 	-0.207617 
8172.646468 	-0.211988 
8179.046578 	-0.216734 
8185.442764 	-0.221269 
8192.076613 	-0.225766 
8198.483387 	-0.229943 
8204.900776 	-0.234445 
8211.356700 	-0.238915 
8217.799959 	-0.243260 
8224.272996 	-0.247901 
8230.746047 	-0.252499 
8237.218781 	-0.257076 
8243.719101 	-0.261421 
8250.420772 	-0.265995 
8257.149266 	-0.270986 
8263.669065 	-0.275378 
8269.976919 	-0.279554 
8276.528102 	-0.283890 
8283.076992 	-0.288431 
8289.659460 	-0.293003 
8296.224108 	-0.297571 
8302.814506 	-0.301747 
8309.630980 	-0.306446 
8316.454249 	-0.311009 
8323.101316 	-0.315288 
8329.504302 	-0.319675 
8336.150688 	-0.323965 
8343.047958 	-0.328191 
8350.165277 	-0.332990 
8357.281981 	-0.337526 
8364.170913 	-0.342015 
8371.111624 	-0.346722 
8378.060191 	-0.351067 
8385.252902 	-0.355668 
8392.440965 	-0.360529 
8399.609187 	-0.365197 
8406.836265 	-0.369792 
8413.845236 	-0.374168 
8420.871115 	-0.378602 
8427.897702 	-0.383206 
8434.917235 	-0.387418 
8442.187615 	-0.392193 
8449.469169 	-0.396740 
