6786.573336 	1.444567 
6792.389647 	1.435522 
6798.088462 	1.426824 
6803.783580 	1.418414 
6809.497572 	1.409640 
6815.241336 	1.401018 
6821.134747 	1.392132 
6827.076242 	1.383476 
6832.827420 	1.375059 
6838.650750 	1.366581 
6844.418789 	1.357924 
6850.280031 	1.349483 
6856.240326 	1.340499 
6862.124559 	1.331830 
6867.933843 	1.323482 
6873.838745 	1.314875 
6879.674240 	1.306339 
6885.590561 	1.297744 
6891.458669 	1.289305 
6897.555162 	1.280249 
6903.617471 	1.271784 
6909.559828 	1.263225 
6915.479749 	1.254666 
6921.429004 	1.246189 
6927.383559 	1.238092 
6933.339174 	1.229569 
6939.328210 	1.221110 
6945.290546 	1.213020 
6951.311181 	1.204617 
6957.455340 	1.195876 
6963.669683 	1.187180 
6969.668709 	1.178820 
6975.748903 	1.170429 
6981.774873 	1.162244 
6987.899275 	1.153706 
6993.954005 	1.145538 
7000.092747 	1.137207 
7006.346230 	1.128677 
7012.510886 	1.120606 
7018.627659 	1.112181 
7024.804973 	1.103900 
7030.948734 	1.095776 
7037.141393 	1.087699 
7043.329023 	1.079305 
7049.538194 	1.071053 
7055.752987 	1.062980 
7061.963717 	1.054939 
7068.208856 	1.047017 
7073.031037 	1.041345 
7074.798343 	1.039497 
7075.112313 	1.038573 
7075.434799 	1.038413 
7075.778535 	1.037684 
7076.168993 	1.036914 
7076.567985 	1.036603 
7076.954289 	1.036209 
7077.353374 	1.035664 
7077.735520 	1.035090 
7078.100723 	1.035272 
7078.453223 	1.034751 
7078.780274 	1.034219 
7079.081868 	1.033558 
7079.400483 	1.033273 
7079.723377 	1.033040 
7080.071796 	1.032457 
7080.466998 	1.032224 
7080.862246 	1.031475 
7081.249038 	1.030985 
7081.648628 	1.031023 
7082.022755 	1.030186 
7082.384167 	1.030121 
7082.737112 	1.029864 
7083.056069 	1.028797 
7083.362297 	1.028668 
7083.681313 	1.028746 
7084.004614 	1.027617 
7084.357727 	1.027694 
7084.757683 	1.026989 
7085.149175 	1.027465 
7085.540712 	1.026620 
7085.940807 	1.026238 
7086.315406 	1.026174 
7086.677275 	1.025141 
7087.030666 	1.025242 
7087.350027 	1.023913 
7087.652383 	1.023905 
7087.971802 	1.023804 
7088.299771 	1.023498 
7088.661850 	1.023475 
7089.062313 	1.021936 
7089.454301 	1.022050 
7089.850595 	1.021545 
7090.246935 	1.021445 
7090.617747 	1.021054 
7090.980074 	1.020777 
7091.329649 	1.020486 
7091.640886 	1.019259 
7091.947888 	1.019919 
7092.267711 	1.019863 
7092.596094 	1.018835 
7092.962897 	1.018737 
7093.363866 	1.018412 
7093.752083 	1.018235 
7094.144611 	1.017975 
7094.541452 	1.017254 
7094.912733 	1.017073 
7095.271249 	1.016690 
7095.616996 	1.016191 
7095.932895 	1.015997 
7096.240284 	1.015918 
7096.564781 	1.015340 
7096.897848 	1.015083 
7097.269386 	1.014810 
7097.670862 	1.014537 
7098.059571 	1.014392 
7098.456869 	1.014184 
7098.854213 	1.013705 
7099.225963 	1.013879 
7099.584934 	1.013369 
7099.931120 	1.012827 
7100.243144 	1.012843 
7100.555198 	1.013017 
7100.880105 	1.012715 
7101.213596 	1.012126 
7101.594156 	1.011935 
7102.000420 	1.012126 
7102.389623 	1.012285 
7102.787426 	1.011792 
7103.176719 	1.011950 
7103.544663 	1.011378 
7103.904088 	1.011553 
7104.242154 	1.012030 
7104.550294 	1.012061 
7104.862742 	1.012522 
7105.188060 	1.011950 
7105.521972 	1.012966 
7105.903015 	1.012966 
7106.305510 	1.013745 
7106.690922 	1.014221 
7107.093510 	1.014794 
7107.483295 	1.016751 
7107.847420 	1.017853 
7108.211584 	1.020074 
7108.550077 	1.023775 
7108.858606 	1.029366 
7109.175735 	1.035141 
7109.501465 	1.039288 
7109.840087 	1.041613 
7110.225898 	1.044909 
7110.633192 	1.047983 
7111.027669 	1.050339 
7111.426481 	1.052883 
7111.816761 	1.053683 
7112.181349 	1.054594 
7112.545976 	1.056322 
7112.880609 	1.058379 
7113.189530 	1.063158 
7113.507061 	1.070098 
7113.837497 	1.081390 
7114.180841 	1.095699 
7114.575728 	1.116652 
7114.979248 	1.145993 
7115.369935 	1.186004 
7115.769254 	1.240261 
7116.155737 	1.310268 
7116.520788 	1.394631 
7116.877288 	1.488322 
7117.208050 	1.583779 
7117.513066 	1.669864 
7117.831000 	1.744030 
7118.157557 	1.814529 
7118.509931 	1.885144 
7118.905319 	1.955854 
7119.305052 	2.020888 
7119.696234 	2.075704 
7120.100359 	2.116649 
7120.483032 	2.140956 
7120.848546 	2.153950 
7121.205498 	2.159717 
7121.536679 	2.162096 
7121.846384 	2.164673 
7122.164721 	2.168132 
7122.495995 	2.172881 
7122.853119 	2.178798 
7123.257617 	2.185822 
7123.653555 	2.195314 
7124.049540 	2.203818 
7124.454180 	2.207229 
7124.837340 	2.206782 
7125.203320 	2.201577 
7125.560727 	2.191679 
7125.883717 	2.182751 
7126.193816 	2.176019 
7126.521173 	2.172565 
7126.848561 	2.169566 
7127.214757 	2.168078 
7127.615462 	2.166686 
7128.011906 	2.167997 
7128.408395 	2.169871 
7128.809240 	2.170737 
7129.188578 	2.174290 
7129.550713 	2.177241 
7129.904262 	2.181517 
7130.223350 	2.184930 
7130.533842 	2.186263 
7130.857302 	2.185622 
7131.189419 	2.182933 
7131.556079 	2.178715 
7131.961608 	2.175487 
7132.358555 	2.168314 
7132.759864 	2.161537 
7133.161219 	2.155592 
7133.536723 	2.147604 
7133.903635 	2.143457 
7134.253317 	2.138599 
7134.572810 	2.133927 
7134.888015 	2.129215 
7135.216205 	2.123331 
7135.548745 	2.119582 
7135.924511 	2.113034 
7136.334878 	2.106242 
7136.728012 	2.099847 
7137.134153 	2.093093 
7137.536022 	2.085328 
7137.907684 	2.077596 
7138.275064 	2.070064 
7138.625192 	2.065469 
7138.936447 	2.057804 
7139.252054 	2.053510 
7139.580663 	2.048670 
7139.917951 	2.043275 
7140.298521 	2.039352 
7140.705086 	2.035610 
7141.098722 	2.031154 
7141.501055 	2.028657 
7141.899109 	2.025471 
7142.271245 	2.021945 
7142.634765 	2.020761 
7142.976683 	2.019613 
7143.288333 	2.017162 
7143.608670 	2.015891 
7143.937696 	2.015765 
7144.279743 	2.015477 
7144.665129 	2.015635 
7145.076543 	2.013826 
7145.470680 	2.013637 
7145.873527 	2.011838 
7146.267756 	2.009791 
7146.640366 	2.008537 
7147.004350 	2.005460 
7147.346703 	2.003251 
7147.658751 	2.001632 
7147.979496 	1.999107 
7148.308942 	1.996078 
7148.651425 	1.993483 
7149.045973 	1.992409 
7149.453577 	1.989238 
7149.848217 	1.988089 
7150.255916 	1.986168 
7150.650649 	1.984206 
7151.019397 	1.982152 
7151.379506 	1.980639 
7151.717956 	1.978878 
7152.026062 	1.977624 
7152.347216 	1.977030 
7152.677081 	1.975214 
7153.024341 	1.974106 
7153.419392 	1.972222 
7153.827515 	1.970405 
7154.218316 	1.968865 
7154.626534 	1.966670 
7155.017426 	1.965566 
7155.382299 	1.963837 
7155.747211 	1.963068 
7156.081747 	1.961791 
7156.394590 	1.959750 
7156.716152 	1.960446 
7157.050783 	1.959104 
7157.402832 	1.958152 
7157.802734 	1.958278 
7158.211378 	1.957196 
7158.607026 	1.956560 
7159.015766 	1.957066 
7159.402808 	1.958011 
7159.772497 	1.956993 
7160.137875 	1.957249 
7160.468488 	1.957244 
7160.777380 	1.956738 
7161.103704 	1.956420 
7161.438762 	1.957432 
7161.795613 	1.957489 
7162.200379 	1.957552 
7162.605192 	1.957364 
7163.001347 	1.957484 
7163.410609 	1.957927 
7163.793792 	1.958047 
7164.163952 	1.957797 
7164.521086 	1.957984 
7164.847765 	1.957859 
7165.486695 	1.960005 
7166.981962 	1.963753 
7168.877617 	1.974004 
7170.606765 	1.984637 
7172.565537 	1.992783 
7174.476209 	1.996799 
7176.586079 	1.998029 
7178.344464 	1.997849 
7180.187753 	1.996093 
7182.075805 	1.992761 
7183.817721 	1.989010 
7185.960195 	1.983834 
7187.865442 	1.978934 
7189.817371 	1.974059 
7191.571978 	1.969317 
7193.442550 	1.964594 
7195.488166 	1.960773 
7197.269619 	1.956575 
7199.226503 	1.951422 
7201.136585 	1.944571 
7203.100429 	1.938045 
7204.852097 	1.931320 
7206.749268 	1.924769 
7208.786740 	1.918158 
7210.591975 	1.913121 
7212.538740 	1.908483 
7214.460601 	1.904180 
7216.436438 	1.900325 
7218.187785 	1.896945 
7220.111748 	1.893184 
7222.142477 	1.889382 
7223.972404 	1.886050 
7225.909701 	1.883121 
7227.843125 	1.880822 
7229.835476 	1.879926 
7231.584716 	1.879861 
7233.534779 	1.880877 
7235.558701 	1.882222 
7237.409055 	1.883311 
7239.336055 	1.883827 
7241.491615 	1.883296 
7243.995689 	1.880832 
7246.600641 	1.876997 
7249.202441 	1.872346 
7251.889777 	1.867008 
7254.423370 	1.860777 
7257.140937 	1.854593 
7259.727593 	1.848046 
7262.366730 	1.841811 
7265.043733 	1.835305 
7267.599716 	1.828821 
7270.333335 	1.823280 
7272.905389 	1.818763 
7275.583412 	1.815637 
7278.235198 	1.812346 
7280.829798 	1.809667 
7283.565408 	1.805958 
7286.127232 	1.802679 
7288.842477 	1.798181 
7291.465601 	1.793984 
7294.102960 	1.789312 
7296.834086 	1.784333 
7299.399157 	1.779245 
7302.137646 	1.773815 
7304.742226 	1.768632 
7307.423942 	1.763435 
7310.138848 	1.758840 
7312.725991 	1.753750 
7315.482034 	1.748875 
7318.075712 	1.744582 
7320.801457 	1.740166 
7323.495446 	1.736096 
7326.121104 	1.732097 
7328.886349 	1.728478 
7331.483389 	1.724540 
7334.250230 	1.720119 
7336.917253 	1.716238 
7339.582366 	1.711759 
7342.346398 	1.707240 
7344.952052 	1.702444 
7347.919402 	1.696588 
7351.194374 	1.690065 
7354.422300 	1.684041 
7357.741533 	1.677719 
7361.263361 	1.671128 
7364.525979 	1.665211 
7367.805580 	1.659597 
7371.365667 	1.654239 
7374.911341 	1.649585 
7378.163456 	1.645280 
7381.450990 	1.641260 
7384.993866 	1.636265 
7388.333321 	1.631733 
7391.582060 	1.627055 
7395.097312 	1.622353 
7398.656913 	1.617975 
7401.985135 	1.613690 
7405.256983 	1.608634 
7408.803920 	1.603302 
7412.192984 	1.597544 
7415.488833 	1.591842 
7418.999643 	1.585281 
7422.571204 	1.578650 
7425.965932 	1.572471 
7429.257421 	1.566121 
7432.599672 	1.560163 
7436.012624 	1.553907 
7439.571906 	1.547275 
7442.871282 	1.541431 
7446.266375 	1.535994 
7449.878371 	1.530503 
7453.225597 	1.526029 
7456.563719 	1.521624 
7460.173461 	1.516942 
7463.791046 	1.512292 
7467.134319 	1.508135 
7470.504457 	1.503943 
7474.131393 	1.499415 
7477.748232 	1.494935 
7481.086891 	1.490316 
7484.694688 	1.485526 
7488.712204 	1.479605 
7492.925814 	1.473199 
7497.142126 	1.467034 
7501.146209 	1.461008 
7505.149454 	1.454683 
7509.160975 	1.448518 
7513.200024 	1.442097 
7517.453304 	1.435975 
7521.703652 	1.429426 
7525.748028 	1.423538 
7529.794019 	1.417492 
7533.830503 	1.411425 
7537.878737 	1.405278 
7542.163345 	1.399347 
7546.451595 	1.393062 
7550.725562 	1.386892 
7555.028160 	1.380754 
7559.113203 	1.375013 
7563.180894 	1.369488 
7567.273621 	1.364004 
7571.391459 	1.358430 
7575.719362 	1.352685 
7580.058761 	1.346788 
7584.202316 	1.341333 
7588.321121 	1.335704 
7592.429825 	1.330170 
7596.574624 	1.324810 
7600.730025 	1.318978 
7605.083987 	1.313047 
7609.462193 	1.307373 
7613.629751 	1.301615 
7617.763946 	1.296219 
7621.903787 	1.290603 
7626.077547 	1.284990 
7630.466400 	1.278627 
7634.851317 	1.272896 
7639.053719 	1.266799 
7643.437094 	1.260643 
7647.833029 	1.254801 
7652.012300 	1.249099 
7656.642515 	1.242902 
7661.463815 	1.236497 
7666.321144 	1.229905 
7671.159757 	1.223362 
7676.015932 	1.217556 
7680.881605 	1.211200 
7685.752104 	1.205070 
7690.612490 	1.199058 
7695.511358 	1.192965 
7700.388714 	1.187021 
7705.276044 	1.180609 
7710.180099 	1.174691 
7715.077423 	1.168791 
7719.983888 	1.162707 
7724.897010 	1.156264 
7729.816763 	1.150340 
7734.739526 	1.143818 
7739.690472 	1.137361 
7744.612728 	1.131058 
7749.579603 	1.124861 
7754.535149 	1.118395 
7759.497257 	1.112367 
7764.257504 	1.106070 
7769.237379 	1.099846 
7774.207528 	1.093743 
7779.206298 	1.087459 
7784.203256 	1.081327 
7788.977032 	1.075223 
7793.998660 	1.069395 
7799.006922 	1.063427 
7804.031735 	1.057380 
7809.056938 	1.051386 
7814.096779 	1.045355 
7819.128557 	1.039396 
7824.192196 	1.033414 
7829.229461 	1.027655 
7834.289721 	1.021442 
7839.362637 	1.015432 
7844.421680 	1.009434 
7849.716948 	1.002914 
7855.034110 	0.996670 
7860.557574 	0.990219 
7866.101852 	0.983582 
7871.660398 	0.977086 
7877.200557 	0.970582 
7882.775675 	0.964062 
7888.560875 	0.957378 
7894.132693 	0.950853 
7899.728448 	0.944369 
7905.309808 	0.937699 
7910.929981 	0.931269 
7916.767876 	0.924636 
7922.402082 	0.917983 
7928.055395 	0.911868 
7933.713705 	0.905642 
7939.371659 	0.899215 
7945.058300 	0.892819 
7950.720099 	0.886555 
7956.415259 	0.880155 
7961.888803 	0.874181 
7967.601099 	0.867713 
7973.325911 	0.861294 
7979.055735 	0.854790 
7984.791098 	0.848521 
7990.544855 	0.842358 
7996.285373 	0.836070 
8002.073671 	0.829645 
8007.839471 	0.823296 
8013.622520 	0.816994 
8019.420759 	0.810774 
8025.202022 	0.804423 
8031.011389 	0.798241 
8036.826327 	0.791896 
8042.873149 	0.785351 
8048.718950 	0.778975 
8054.315224 	0.772912 
8060.152586 	0.766571 
8066.010287 	0.760249 
8071.857263 	0.754012 
8077.971524 	0.747571 
8084.083303 	0.741054 
8090.203770 	0.734604 
8096.590594 	0.727857 
8102.948173 	0.721217 
8109.334499 	0.714356 
8115.746216 	0.707874 
8121.925391 	0.701492 
8128.126465 	0.695377 
8134.320751 	0.689038 
8140.776050 	0.682603 
8147.210816 	0.675933 
8153.657864 	0.669263 
8160.118076 	0.662813 
8166.336849 	0.656772 
8172.826448 	0.650184 
8179.317308 	0.643653 
8185.577784 	0.637543 
8191.859203 	0.631442 
8198.371506 	0.624933 
8204.897788 	0.618514 
8211.424378 	0.612052 
8217.967212 	0.605526 
8224.292868 	0.599274 
8230.862766 	0.592880 
8237.464580 	0.586420 
8243.817190 	0.580455 
8250.186637 	0.574354 
8256.817623 	0.568094 
8263.427377 	0.561752 
8270.072397 	0.555347 
8276.726889 	0.549066 
8283.153392 	0.543070 
8289.602419 	0.537046 
8296.293235 	0.530510 
8302.999864 	0.524243 
8309.456642 	0.518123 
8316.173848 	0.511891 
8322.894285 	0.505504 
8329.616502 	0.499288 
8336.390978 	0.493163 
8343.150470 	0.487084 
8350.199504 	0.480500 
8357.235566 	0.473836 
8364.264559 	0.467268 
8371.329783 	0.460868 
8378.409887 	0.454441 
8385.277176 	0.448062 
8392.139265 	0.441845 
8399.261721 	0.435298 
8406.629682 	0.428515 
8413.762342 	0.422150 
8420.670486 	0.415725 
8427.844642 	0.409338 
8435.046218 	0.403189 
8442.225955 	0.397052 
8449.409964 	0.390682 
8456.622349 	0.384159 
8463.848293 	0.377826 
8470.850681 	0.371860 
8477.846048 	0.365838 
8485.107608 	0.359518 
8492.620812 	0.352831 
8500.156135 	0.346159 
8507.222677 	0.340012 
8514.281374 	0.333804 
8521.634480 	0.327682 
8528.960948 	0.321435 
8536.298594 	0.315349 
8543.656849 	0.308913 
8551.042514 	0.302878 
8558.463790 	0.296488 
8565.585454 	0.290301 
8573.007616 	0.284241 
8580.668148 	0.277808 
8588.096702 	0.271824 
8595.297673 	0.265836 
8602.489409 	0.259896 
8609.970064 	0.253542 
8617.436758 	0.247686 
8625.180630 	0.241438 
8632.705255 	0.235308 
8639.965029 	0.229541 
8647.538102 	0.223374 
