6786.562532 	0.526433 
6792.378823 	0.519588 
6798.078130 	0.513087 
6803.774890 	0.506183 
6809.490429 	0.499615 
6815.235668 	0.492796 
6821.131035 	0.486106 
6827.073179 	0.479285 
6832.826724 	0.472654 
6838.649871 	0.465918 
6844.418323 	0.459113 
6850.280252 	0.452617 
6856.240768 	0.445809 
6862.122452 	0.439207 
6867.931184 	0.432642 
6873.835455 	0.426051 
6879.672906 	0.419403 
6885.587731 	0.412876 
6891.457107 	0.406176 
6897.554044 	0.399536 
6903.615679 	0.392784 
6909.558403 	0.386224 
6915.477502 	0.379859 
6921.427574 	0.373206 
6927.381980 	0.366795 
6933.338456 	0.360077 
6939.327531 	0.353605 
6945.289105 	0.347202 
6951.475785 	0.340734 
6957.626528 	0.333959 
6963.667175 	0.327610 
6969.665806 	0.321126 
6975.747530 	0.314716 
6981.771475 	0.308293 
6987.896519 	0.301917 
6993.951325 	0.295513 
7000.088598 	0.289045 
7006.344613 	0.282494 
7012.507700 	0.276267 
7018.624414 	0.269788 
7024.801039 	0.263572 
7030.945710 	0.257153 
7037.137197 	0.250784 
7043.324819 	0.244443 
7049.534230 	0.238310 
7055.748533 	0.232089 
7061.959988 	0.226103 
7068.205563 	0.219877 
7073.027268 	0.215107 
7074.794101 	0.213827 
7075.112313 	0.213207 
7075.434799 	0.212597 
7075.778535 	0.212570 
7076.168993 	0.212056 
7076.563740 	0.211545 
7076.950043 	0.211549 
7077.349128 	0.211393 
7077.731274 	0.211507 
7078.096476 	0.210579 
7078.453223 	0.210811 
7078.776026 	0.210203 
7079.077620 	0.209839 
7079.396235 	0.209957 
7079.723377 	0.209335 
7080.067547 	0.209484 
7080.462748 	0.208946 
7080.857995 	0.208439 
7081.244787 	0.208618 
7081.644377 	0.207729 
7082.018503 	0.207610 
7082.379915 	0.207292 
7082.732859 	0.206504 
7083.051816 	0.206381 
7083.358044 	0.205935 
7083.677060 	0.205545 
7084.000360 	0.205541 
7084.353473 	0.205304 
7084.753428 	0.204765 
7085.149175 	0.204584 
7085.540712 	0.203996 
7085.940807 	0.203987 
7086.315406 	0.203506 
7086.673017 	0.203111 
7087.026408 	0.202960 
7087.345769 	0.202759 
7087.652383 	0.202179 
7087.971802 	0.201900 
7088.299771 	0.201507 
7088.661850 	0.201256 
7089.062313 	0.200542 
7089.454301 	0.200863 
7089.846333 	0.200721 
7090.246935 	0.200514 
7090.617747 	0.200115 
7090.980074 	0.199773 
7091.325386 	0.199445 
7091.640886 	0.199246 
7091.947888 	0.198578 
7092.267711 	0.198585 
7092.596094 	0.198152 
7092.958631 	0.197840 
7093.359600 	0.197834 
7093.747817 	0.197181 
7094.140345 	0.197309 
7094.541452 	0.196941 
7094.908465 	0.196318 
7095.271249 	0.196349 
7095.616996 	0.196568 
7095.928626 	0.196251 
7096.240284 	0.195629 
7096.564781 	0.195596 
7096.893578 	0.195344 
7097.265115 	0.194755 
7097.670862 	0.194800 
7098.059571 	0.194740 
7098.456869 	0.194626 
7098.854213 	0.194439 
7099.221690 	0.194060 
7099.584934 	0.194097 
7099.931120 	0.193696 
7100.243144 	0.193846 
7100.555198 	0.193186 
7100.875830 	0.193300 
7101.213596 	0.192741 
7101.589880 	0.192787 
7101.996143 	0.192905 
7102.385346 	0.192159 
7102.783148 	0.192374 
7103.176719 	0.192679 
7103.544663 	0.192125 
7103.904088 	0.192306 
7104.242154 	0.192544 
7104.550294 	0.191739 
7104.862742 	0.192335 
7105.188060 	0.192281 
7105.521972 	0.192499 
7105.898733 	0.192335 
7106.305510 	0.192395 
7106.695205 	0.192726 
7107.093510 	0.193025 
7107.483295 	0.193443 
7107.847420 	0.193688 
7108.207300 	0.194706 
7108.550077 	0.195934 
7108.854321 	0.197504 
7109.171449 	0.199978 
7109.497179 	0.204118 
7109.835800 	0.210452 
7110.225898 	0.218732 
7110.628904 	0.227814 
7111.023381 	0.233745 
7111.426481 	0.236334 
7111.812472 	0.236915 
7112.181349 	0.236189 
7112.541686 	0.233578 
7112.876319 	0.229954 
7113.185239 	0.227731 
7113.507061 	0.227125 
7113.833205 	0.228415 
7114.180841 	0.230653 
7114.575728 	0.232929 
7114.974955 	0.235965 
7115.365641 	0.238912 
7115.769254 	0.242341 
7116.151442 	0.246146 
7116.516493 	0.250689 
7116.877288 	0.256373 
7117.208050 	0.263807 
7117.513066 	0.274263 
7117.831000 	0.288169 
7118.157557 	0.304492 
7118.505633 	0.325711 
7118.901021 	0.351395 
7119.300754 	0.382213 
7119.691935 	0.419431 
7120.096059 	0.461071 
7120.483032 	0.507690 
7120.848546 	0.556722 
7121.205498 	0.605266 
7121.532378 	0.652805 
7121.842082 	0.699157 
7122.164721 	0.745982 
7122.491693 	0.796143 
7122.848816 	0.850132 
7123.253314 	0.910719 
7123.653555 	0.975838 
7124.045235 	1.046313 
7124.449875 	1.123414 
7124.833035 	1.207327 
7125.199014 	1.295131 
7125.556421 	1.384822 
7125.879410 	1.474594 
7126.189509 	1.556991 
7126.516865 	1.630235 
7126.848561 	1.691703 
7127.210448 	1.740652 
7127.615462 	1.780967 
7128.011906 	1.814547 
7128.408395 	1.840428 
7128.809240 	1.860404 
7129.184267 	1.873473 
7129.550713 	1.878403 
7129.904262 	1.872927 
7130.223350 	1.860468 
7130.533842 	1.841320 
7130.857302 	1.819651 
7131.185106 	1.795629 
7131.556079 	1.772143 
7131.965923 	1.748716 
7132.358555 	1.729972 
7132.755548 	1.712162 
7133.161219 	1.696228 
7133.536723 	1.683369 
7133.903635 	1.671079 
7134.253317 	1.657940 
7134.572810 	1.646168 
7134.883697 	1.634810 
7135.211887 	1.621205 
7135.548745 	1.607839 
7135.924511 	1.593781 
7136.330558 	1.578918 
7136.728012 	1.563283 
7137.129832 	1.546595 
7137.531700 	1.529951 
7137.907684 	1.513119 
7138.270742 	1.497370 
7138.620869 	1.481273 
7138.936447 	1.467573 
7139.252054 	1.453395 
7139.576339 	1.440504 
7139.913627 	1.428260 
7140.294196 	1.417322 
7140.700761 	1.406589 
7141.098722 	1.397574 
7141.501055 	1.388525 
7141.899109 	1.380392 
7142.266918 	1.373143 
7142.634765 	1.367145 
7142.976683 	1.362097 
7143.288333 	1.357720 
7143.604341 	1.353270 
7143.933367 	1.348694 
7144.275413 	1.343937 
7144.665129 	1.337963 
7145.072212 	1.332097 
7145.466349 	1.323630 
7145.873527 	1.314282 
7146.267756 	1.303073 
7146.636033 	1.291059 
7147.004350 	1.277720 
7147.346703 	1.263682 
7147.658751 	1.248783 
7147.979496 	1.233420 
7148.308942 	1.218185 
7148.651425 	1.204352 
7149.045973 	1.189801 
7149.453577 	1.177534 
7149.848217 	1.164023 
7150.255916 	1.152648 
7150.646311 	1.141197 
7151.015058 	1.130632 
7151.379506 	1.120882 
7151.717956 	1.112014 
7152.026062 	1.103420 
7152.347216 	1.096282 
7152.677081 	1.088947 
7153.020000 	1.083348 
7153.419392 	1.076862 
7153.823173 	1.071823 
7154.218316 	1.066879 
7154.626534 	1.062314 
7155.013083 	1.058574 
7155.382299 	1.055384 
7155.747211 	1.052944 
7156.081747 	1.049840 
7156.390245 	1.047193 
7156.716152 	1.045181 
7157.046437 	1.042974 
7157.398486 	1.041925 
7157.802734 	1.040700 
7158.211378 	1.039718 
7158.602678 	1.039019 
7159.011417 	1.037578 
7159.402808 	1.037308 
7159.768147 	1.037862 
7160.133525 	1.038926 
7160.464138 	1.039698 
7160.777380 	1.041569 
7161.103704 	1.043516 
7161.434410 	1.045940 
7161.795613 	1.049374 
7162.196026 	1.053267 
7162.600839 	1.057943 
7163.001347 	1.061938 
7163.410609 	1.066736 
7163.793792 	1.072083 
7164.159597 	1.077469 
7164.521086 	1.083504 
7164.843410 	1.089884 
7165.485242 	1.103067 
7166.981962 	1.132634 
7168.876745 	1.175151 
7170.604147 	1.219364 
7172.564664 	1.261379 
7174.475481 	1.291851 
7176.583456 	1.307541 
7178.343589 	1.314650 
7180.186003 	1.313271 
7182.073179 	1.304752 
7183.814217 	1.293899 
7185.958004 	1.281004 
7187.864565 	1.267044 
7189.816493 	1.253382 
7191.571100 	1.241178 
7193.440793 	1.230600 
7195.486701 	1.222482 
7197.267421 	1.216956 
7199.222836 	1.211712 
7201.133944 	1.205706 
7203.097787 	1.199482 
7204.851216 	1.192930 
7206.749268 	1.187195 
7208.785269 	1.180978 
7210.593078 	1.175660 
7212.537268 	1.170213 
7214.457950 	1.164314 
7216.433785 	1.159047 
7218.186016 	1.154633 
7220.110863 	1.150482 
7222.141000 	1.145190 
7223.970189 	1.139103 
7225.907484 	1.130611 
7227.841351 	1.120017 
7229.831037 	1.109998 
7231.584716 	1.100693 
7233.533891 	1.093029 
7235.556479 	1.087549 
7237.406831 	1.085299 
7239.336055 	1.085308 
7241.490872 	1.087711 
7243.995053 	1.093706 
7246.599366 	1.102454 
7249.199890 	1.110994 
7251.889777 	1.117954 
7254.420816 	1.123345 
7257.138380 	1.127942 
7259.725035 	1.132887 
7262.366090 	1.137548 
7265.041811 	1.140141 
7267.600998 	1.139716 
7270.332694 	1.136339 
7272.905389 	1.131227 
7275.582770 	1.123182 
7278.234555 	1.112864 
7280.831085 	1.099151 
7283.565408 	1.084708 
7286.129165 	1.071007 
7288.840543 	1.058731 
7291.464956 	1.047934 
7294.104252 	1.039161 
7296.835379 	1.032379 
7299.400451 	1.027686 
7302.138941 	1.025079 
7304.743521 	1.024057 
7307.425887 	1.024695 
7310.142092 	1.025568 
7312.729238 	1.026340 
7315.483984 	1.026447 
7318.080264 	1.025009 
7320.806012 	1.022072 
7323.503912 	1.018207 
7326.154345 	1.013972 
7328.952882 	1.009424 
7331.559110 	1.004747 
7334.311638 	0.999704 
7336.981323 	0.993669 
7339.634708 	0.987674 
7342.398125 	0.981400 
7344.999886 	0.975861 
7347.963014 	0.970896 
7351.238281 	0.967002 
7354.464268 	0.964411 
7357.778872 	0.961098 
7361.300737 	0.956231 
7364.561147 	0.951371 
7367.827637 	0.946819 
7371.353344 	0.942982 
7374.883587 	0.939873 
7378.137991 	0.937891 
7381.432968 	0.936205 
7384.976857 	0.934175 
7388.319972 	0.932037 
7391.570700 	0.929093 
7395.089558 	0.924754 
7398.649670 	0.919525 
7401.979891 	0.913810 
7405.253873 	0.907476 
7408.798731 	0.900312 
7412.189478 	0.893067 
7415.484154 	0.885798 
7418.996521 	0.878235 
7422.568079 	0.871174 
7425.962999 	0.865028 
7429.253768 	0.859488 
7432.594383 	0.854564 
7436.007918 	0.849973 
7439.569812 	0.845045 
7442.869514 	0.840758 
7446.263753 	0.836680 
7449.875747 	0.832544 
7453.226188 	0.829509 
7456.564245 	0.826833 
7460.171355 	0.824493 
7463.791573 	0.822411 
7467.135506 	0.820478 
7470.505513 	0.817816 
7474.131922 	0.814575 
7477.750348 	0.810675 
7481.088678 	0.806527 
7484.696119 	0.801131 
7488.714114 	0.794763 
7492.929291 	0.788193 
7497.145955 	0.781732 
7501.149084 	0.775972 
7505.153291 	0.770295 
7509.162896 	0.765019 
7513.201947 	0.759254 
7517.455929 	0.753411 
7521.705098 	0.747831 
7525.749958 	0.742939 
7529.792570 	0.738509 
7533.831953 	0.734171 
7537.880673 	0.730114 
7542.164226 	0.725711 
7546.453050 	0.721249 
7550.726886 	0.716586 
7555.029133 	0.711982 
7559.112716 	0.707519 
7563.180406 	0.702773 
7567.273621 	0.698000 
7571.391459 	0.692674 
7575.719806 	0.687006 
7580.058272 	0.681251 
7584.202316 	0.675590 
7588.320139 	0.670086 
7592.428351 	0.664889 
7596.571673 	0.659550 
7600.727070 	0.654405 
7605.081298 	0.649452 
7609.457750 	0.644605 
7613.625797 	0.640011 
7617.759493 	0.635744 
7621.900815 	0.631270 
7626.073085 	0.626658 
7630.465046 	0.622293 
7634.849826 	0.618343 
7639.051231 	0.614212 
7643.436188 	0.609845 
7647.832031 	0.605578 
7652.011301 	0.601410 
7656.640016 	0.596353 
7661.461540 	0.590900 
7666.319473 	0.585295 
7671.158388 	0.579696 
7676.016770 	0.574182 
7680.881605 	0.568480 
7685.755464 	0.563038 
7690.615242 	0.557344 
7695.509674 	0.551858 
7700.388714 	0.546293 
7705.276044 	0.540911 
7710.180560 	0.535431 
7715.076153 	0.530437 
7719.985737 	0.525250 
7724.898707 	0.520126 
7729.818154 	0.514913 
7734.742504 	0.510053 
7739.693726 	0.504919 
7744.614861 	0.500089 
7749.581933 	0.495032 
7754.539854 	0.490155 
7759.502397 	0.485020 
7764.259843 	0.480205 
7769.242532 	0.475219 
7774.212688 	0.470055 
7779.210604 	0.465027 
7784.207019 	0.459924 
7788.982212 	0.455063 
7794.004279 	0.449862 
7799.009755 	0.444769 
7804.036937 	0.439584 
7809.063093 	0.434217 
7814.101125 	0.429555 
7819.131406 	0.424484 
7824.195682 	0.419349 
7829.232316 	0.414260 
7834.291906 	0.409388 
7839.365500 	0.404374 
7844.424309 	0.399393 
7849.720458 	0.394302 
7855.037185 	0.389276 
7860.562854 	0.384132 
7866.104936 	0.378957 
7871.663656 	0.373559 
7877.205860 	0.368381 
7882.779760 	0.362740 
7888.564557 	0.357182 
7894.136244 	0.351857 
7899.730910 	0.346540 
7905.311589 	0.341185 
7910.930804 	0.335835 
7916.769937 	0.330359 
7922.401634 	0.325097 
7928.052915 	0.319732 
7933.712360 	0.314445 
7939.370001 	0.309192 
7945.057401 	0.303833 
7950.718852 	0.298728 
7956.414357 	0.293546 
7961.885189 	0.288778 
7967.601517 	0.283684 
7973.326817 	0.278599 
7979.054897 	0.273529 
7984.791553 	0.268492 
7990.546955 	0.263346 
7996.284917 	0.258391 
8002.073671 	0.253201 
8007.839928 	0.248205 
8013.623787 	0.243003 
8019.423968 	0.237772 
8025.203718 	0.232663 
8031.238012 	0.227393 
8037.064945 	0.222091 
8042.874000 	0.217043 
8048.719874 	0.211624 
8054.316149 	0.206795 
8060.153869 	0.201702 
8066.011679 	0.196611 
8071.858121 	0.191489 
8077.975391 	0.186133 
8084.088036 	0.180848 
8090.208080 	0.175655 
8096.596206 	0.170182 
8102.955092 	0.164745 
8109.115482 	0.159330 
8115.511318 	0.153890 
8121.937992 	0.149048 
8128.139085 	0.143669 
8134.329904 	0.138330 
8140.784969 	0.132781 
8147.216938 	0.127369 
8153.427705 	0.122105 
8159.883780 	0.116599 
8166.341243 	0.111186 
8172.827266 	0.105744 
8179.319072 	0.100433 
8185.577342 	0.095313 
8191.860530 	0.090013 
8198.373152 	0.084673 
8204.898676 	0.079182 
8211.424378 	0.073926 
8217.969437 	0.068364 
8224.295989 	0.063313 
8230.866498 	0.057968 
8237.468606 	0.052773 
8243.820326 	0.047558 
8250.190227 	0.042566 
8256.820962 	0.037146 
8263.428728 	0.031708 
8270.072816 	0.026469 
8276.729148 	0.021089 
8283.157011 	0.016117 
8289.602872 	0.010983 
8296.295343 	0.005631 
8303.000773 	0.000281 
8309.455731 	-0.004831 
8316.173001 	-0.010052 
8322.894742 	-0.015271 
8329.616077 	-0.020413 
8336.392353 	-0.025631 
8343.151749 	-0.030597 
8350.203348 	-0.036085 
8357.240273 	-0.041494 
8364.269274 	-0.046878 
8371.334936 	-0.052358 
8378.415479 	-0.057848 
8385.280424 	-0.062923 
8392.146170 	-0.068093 
8399.267774 	-0.073493 
8406.635746 	-0.079055 
8413.769351 	-0.084367 
8420.677440 	-0.089465 
8427.849866 	-0.094804 
8435.053197 	-0.100088 
8442.232946 	-0.105418 
8449.414341 	-0.110745 
8456.628926 	-0.116009 
8463.854882 	-0.121291 
8470.856367 	-0.126427 
8477.853541 	-0.131533 
8485.112464 	-0.136808 
8492.624115 	-0.142310 
8500.163668 	-0.147735 
8507.226023 	-0.152810 
8514.284042 	-0.157809 
8521.638489 	-0.163084 
8528.964517 	-0.168292 
8536.303511 	-0.173492 
8543.664013 	-0.178723 
8551.047897 	-0.183907 
8558.200528 	-0.189066 
8565.336525 	-0.193936 
8573.012246 	-0.199191 
8580.675377 	-0.204519 
8588.105301 	-0.209725 
8595.304509 	-0.214764 
8602.494859 	-0.219642 
8609.976889 	-0.224744 
8617.442683 	-0.229913 
8625.187023 	-0.235272 
8632.712644 	-0.240262 
8639.970986 	-0.245148 
8647.541315 	-0.250280 
