6786.555617 	0.436203 
6792.369731 	0.429722 
6798.068486 	0.423155 
6803.760552 	0.416970 
6809.472687 	0.410582 
6815.377695 	0.404036 
6821.271250 	0.397445 
6827.047580 	0.390936 
6832.793305 	0.384487 
6838.614740 	0.378106 
6844.380826 	0.371671 
6850.242571 	0.365209 
6856.201473 	0.358590 
6862.085689 	0.352094 
6867.898396 	0.345898 
6873.799266 	0.339553 
6879.639111 	0.333078 
6885.722895 	0.326513 
6891.588194 	0.320059 
6897.517159 	0.313893 
6903.577831 	0.307361 
6909.520156 	0.301010 
6915.439517 	0.294583 
6921.388713 	0.288362 
6927.342506 	0.282071 
6933.298738 	0.275820 
6939.289951 	0.269549 
6945.425768 	0.263085 
6951.606554 	0.256533 
6957.584590 	0.250380 
6963.628407 	0.244022 
6969.621540 	0.237934 
6975.706791 	0.231625 
6981.729718 	0.225422 
6987.852416 	0.219148 
6994.082631 	0.212717 
7000.220103 	0.206514 
7006.302577 	0.200329 
7012.465315 	0.194096 
7018.586396 	0.187841 
7024.761448 	0.182009 
7030.910810 	0.175786 
7037.100670 	0.169638 
7043.288157 	0.163482 
7049.497074 	0.157430 
7055.712673 	0.151320 
7061.925181 	0.145312 
7068.169806 	0.139202 
7072.989104 	0.134825 
7074.764402 	0.133145 
7075.078369 	0.132677 
7075.570591 	0.132126 
7075.933439 	0.131911 
7076.126549 	0.131806 
7076.525537 	0.131504 
7076.911836 	0.131477 
7077.310916 	0.130717 
7077.697304 	0.130407 
7078.058256 	0.129976 
7078.414998 	0.129648 
7078.746293 	0.129265 
7079.047885 	0.128955 
7079.362248 	0.128721 
7079.689386 	0.128309 
7080.029304 	0.128256 
7080.420251 	0.127793 
7080.815493 	0.127393 
7081.202281 	0.126417 
7081.597614 	0.126788 
7081.980238 	0.126454 
7082.337394 	0.125898 
7082.694586 	0.125783 
7083.022046 	0.125249 
7083.324017 	0.125005 
7083.638776 	0.124988 
7084.138623 	0.124231 
7084.508769 	0.123904 
7084.706622 	0.123855 
7085.106619 	0.123612 
7085.493895 	0.123025 
7085.893985 	0.122711 
7086.277093 	0.122661 
7086.634700 	0.122186 
7086.992345 	0.121680 
7087.311702 	0.121847 
7087.618313 	0.120862 
7087.937729 	0.120533 
7088.265694 	0.120597 
7088.619251 	0.120171 
7089.019708 	0.119684 
7089.411691 	0.119699 
7089.803719 	0.119387 
7090.208578 	0.119187 
7090.583648 	0.118580 
7090.941708 	0.118533 
7091.295543 	0.117592 
7091.611041 	0.117560 
7091.918040 	0.117560 
7092.237860 	0.117536 
7092.561975 	0.117075 
7092.920243 	0.116630 
7093.321207 	0.115914 
7093.713686 	0.115844 
7094.101943 	0.115701 
7094.498779 	0.115249 
7094.874323 	0.115297 
7095.232834 	0.114624 
7095.578578 	0.114354 
7095.898742 	0.113850 
7096.206128 	0.114089 
7096.526352 	0.113621 
7096.855146 	0.112782 
7097.222408 	0.113095 
7097.623879 	0.112470 
7098.016854 	0.112321 
7098.414146 	0.112040 
7098.811485 	0.112051 
7099.183231 	0.111726 
7099.546471 	0.111714 
7099.892653 	0.111006 
7100.208948 	0.110644 
7100.516724 	0.110488 
7100.841628 	0.110167 
7101.175114 	0.109721 
7101.547118 	0.110045 
7101.953376 	0.109253 
7102.342574 	0.108822 
7102.740371 	0.109343 
7103.138215 	0.108574 
7103.506155 	0.108608 
7103.865577 	0.108713 
7104.207918 	0.108170 
7104.516055 	0.107634 
7104.828499 	0.107964 
7105.153815 	0.107274 
7105.483442 	0.107253 
7105.860199 	0.107484 
7106.262689 	0.107287 
7106.652379 	0.107174 
7107.046396 	0.107293 
7107.440459 	0.106815 
7107.808864 	0.106738 
7108.173024 	0.106745 
7108.515798 	0.107589 
7108.824324 	0.107829 
7109.137164 	0.108477 
7109.462891 	0.110036 
7109.797221 	0.112242 
7110.183028 	0.115225 
7110.586029 	0.118408 
7110.976213 	0.120910 
7111.379307 	0.123642 
7111.773871 	0.124780 
7112.142744 	0.126188 
7112.503077 	0.125652 
7112.846286 	0.123488 
7113.155204 	0.122050 
7113.472732 	0.121186 
7113.803165 	0.121027 
7114.142213 	0.121762 
7114.532804 	0.122904 
7114.936318 	0.123572 
7115.327000 	0.124158 
7115.730608 	0.125302 
7116.117086 	0.126967 
7116.482134 	0.127756 
7116.842925 	0.129776 
7117.173683 	0.132747 
7117.482993 	0.136542 
7117.800924 	0.142222 
7118.127478 	0.148637 
7118.471254 	0.157358 
7118.862340 	0.168318 
7119.262068 	0.180995 
7119.653245 	0.196309 
7120.057365 	0.214231 
7120.444333 	0.234231 
7120.809843 	0.254913 
7121.171091 	0.276743 
7121.506570 	0.297959 
7121.811971 	0.319001 
7122.134607 	0.340909 
7122.461575 	0.364488 
7122.814393 	0.389126 
7123.210280 	0.416607 
7123.614820 	0.445863 
7124.006496 	0.477737 
7124.411131 	0.509597 
7124.794286 	0.541892 
7125.164568 	0.574375 
7125.521970 	0.605510 
7125.849263 	0.636435 
7126.159359 	0.667227 
7126.482405 	0.694551 
7126.814098 	0.718861 
7127.167365 	0.737901 
7127.572374 	0.751350 
7127.968812 	0.759607 
7128.360986 	0.763902 
7128.766136 	0.764679 
7129.145470 	0.764121 
7129.511911 	0.761939 
7129.865456 	0.759062 
7130.188853 	0.756282 
7130.499342 	0.754961 
7130.822798 	0.752375 
7131.150599 	0.750306 
7131.517255 	0.747264 
7131.922779 	0.742516 
7132.319721 	0.735712 
7132.716710 	0.728973 
7133.118060 	0.721906 
7133.497876 	0.713859 
7133.864783 	0.708019 
7134.223096 	0.701835 
7134.542587 	0.696267 
7134.853471 	0.690607 
7135.181657 	0.685360 
7135.514194 	0.678997 
7135.881318 	0.672814 
7136.287359 	0.665406 
7136.684808 	0.657492 
7137.086624 	0.649552 
7137.492808 	0.641905 
7137.868787 	0.635305 
7138.236163 	0.628133 
7138.586287 	0.622325 
7138.901862 	0.616120 
7139.217466 	0.610658 
7139.541747 	0.605987 
7139.874707 	0.601663 
7140.250948 	0.597086 
7140.661833 	0.593293 
7141.055463 	0.589258 
7141.457792 	0.585902 
7141.855840 	0.582978 
7142.227971 	0.580062 
7142.591487 	0.577594 
7142.942056 	0.575589 
7143.253704 	0.574155 
7143.569709 	0.572162 
7143.898731 	0.569733 
7144.236444 	0.567831 
7144.617494 	0.565288 
7145.028903 	0.562922 
7145.427366 	0.559979 
7145.830208 	0.555886 
7146.228765 	0.551737 
7146.601370 	0.546876 
7146.965350 	0.541465 
7147.312033 	0.535773 
7147.624077 	0.529251 
7147.940485 	0.523130 
7148.269927 	0.516883 
7148.612406 	0.511161 
7149.002614 	0.505018 
7149.414549 	0.499764 
7149.809185 	0.494415 
7150.212541 	0.490246 
7150.611607 	0.485367 
7150.980351 	0.482116 
7151.340456 	0.478825 
7151.683242 	0.475350 
7151.991345 	0.472264 
7152.312495 	0.469264 
7152.642357 	0.467150 
7152.985273 	0.465092 
7153.375978 	0.462778 
7153.784096 	0.459898 
7154.174892 	0.457932 
7154.578762 	0.455827 
7154.973992 	0.453417 
7155.338860 	0.451637 
7155.703767 	0.449424 
7156.046989 	0.447867 
7156.359828 	0.446135 
7156.681387 	0.444761 
7157.011668 	0.443772 
7157.359367 	0.443854 
7157.754917 	0.442687 
7158.163556 	0.442173 
7158.559198 	0.442381 
7158.967932 	0.441930 
7159.363667 	0.442013 
7159.733351 	0.443075 
7160.094375 	0.443262 
7160.433685 	0.443713 
7160.742574 	0.444935 
7161.068894 	0.446061 
7161.399597 	0.447168 
7161.756444 	0.448855 
7162.161206 	0.450793 
7162.566015 	0.452671 
7162.962164 	0.454294 
7163.367068 	0.456588 
7163.754601 	0.458583 
7164.120402 	0.460862 
7164.486242 	0.463499 
7164.812918 	0.466201 
7165.450389 	0.471603 
7166.938376 	0.482486 
7169.004380 	0.497003 
7170.742028 	0.510339 
7172.700295 	0.524054 
7174.602305 	0.533197 
7176.541497 	0.534472 
7178.307731 	0.532237 
7180.140499 	0.528496 
7182.202617 	0.524170 
7183.957883 	0.521594 
7185.916369 	0.519249 
7187.821591 	0.516428 
7189.770863 	0.513104 
7191.532470 	0.509985 
7193.398629 	0.506587 
7195.449345 	0.503297 
7197.223450 	0.499813 
7199.182507 	0.495356 
7201.089924 	0.490159 
7203.054623 	0.484567 
7204.812437 	0.478599 
7206.704295 	0.472510 
7208.749976 	0.466437 
7210.551145 	0.461254 
7212.500464 	0.457094 
7214.416412 	0.452645 
7216.393108 	0.449230 
7218.149742 	0.446870 
7220.069257 	0.444611 
7222.106309 	0.443103 
7223.929201 	0.442342 
7225.869799 	0.441659 
7227.799652 	0.440810 
7229.787539 	0.439484 
7231.542972 	0.438300 
7233.485903 	0.436886 
7235.519430 	0.435539 
7237.365685 	0.434692 
7239.298225 	0.433481 
7241.447822 	0.431818 
7243.956216 	0.428853 
7246.553492 	0.425725 
7249.161633 	0.422822 
7251.848300 	0.420619 
7254.382501 	0.418638 
7257.100675 	0.417651 
7259.680267 	0.417386 
7262.325128 	0.416871 
7264.997616 	0.416418 
7267.561898 	0.415373 
7270.292280 	0.414271 
7272.858526 	0.412883 
7275.541653 	0.411321 
7278.186977 	0.408626 
7280.789263 	0.405133 
7283.524197 	0.400529 
7286.084058 	0.395223 
7288.799270 	0.389412 
7291.419780 	0.384052 
7294.062271 	0.378837 
7296.791426 	0.374359 
7299.359054 	0.370276 
7302.098805 	0.366393 
7304.698174 	0.362516 
7307.383746 	0.359242 
7310.096027 	0.355988 
7312.689631 	0.352550 
7315.442396 	0.349491 
7318.032793 	0.346716 
7320.761108 	0.344686 
7323.449856 	0.343433 
7326.080695 	0.342357 
7328.845255 	0.341194 
7331.440307 	0.339763 
7334.383991 	0.338352 
7337.078955 	0.336283 
7339.541148 	0.334294 
7342.299254 	0.331542 
7344.910115 	0.328108 
7347.878660 	0.324184 
7351.145362 	0.319170 
7354.369411 	0.314412 
7357.692430 	0.309976 
7361.215234 	0.305133 
7364.470632 	0.301124 
7367.741975 	0.297733 
7371.269652 	0.294513 
7374.800838 	0.291661 
7378.052337 	0.289257 
7381.350582 	0.286737 
7384.897996 	0.283979 
7388.428832 	0.280857 
7391.683855 	0.277762 
7395.014609 	0.274736 
7398.574645 	0.271365 
7401.897740 	0.268438 
7405.177154 	0.265663 
7408.727125 	0.262339 
7412.299849 	0.258920 
7415.608729 	0.255213 
7418.923149 	0.250990 
7422.497759 	0.246558 
7425.889093 	0.242196 
7429.177054 	0.237816 
7432.723799 	0.233504 
7436.323214 	0.229569 
7439.712631 	0.226040 
7443.010565 	0.222680 
7446.579953 	0.219305 
7450.009988 	0.216236 
7453.359504 	0.213578 
7456.681317 	0.210761 
7460.101872 	0.207979 
7463.716751 	0.204810 
7467.058966 	0.201809 
7470.435302 	0.198904 
7474.062697 	0.195656 
7477.673649 	0.192541 
7481.013629 	0.189717 
7484.625526 	0.186678 
7488.645352 	0.183169 
7492.857580 	0.179430 
7497.071289 	0.175208 
7501.078168 	0.171115 
7505.083736 	0.166756 
7509.093264 	0.162728 
7513.131756 	0.158831 
7517.386794 	0.154493 
7521.638597 	0.150303 
7525.677111 	0.146462 
7529.718677 	0.142694 
7533.760879 	0.138874 
7538.021797 	0.135205 
7542.287673 	0.131499 
7546.378817 	0.127963 
7550.655348 	0.124221 
7554.954725 	0.120332 
7559.034816 	0.116743 
7563.102907 	0.113243 
7567.201402 	0.109711 
7571.321602 	0.106068 
7575.644664 	0.102215 
7579.985800 	0.098813 
7584.129272 	0.095104 
7588.246031 	0.091168 
7592.356125 	0.086962 
7596.500841 	0.083156 
7600.879464 	0.079010 
7605.268297 	0.074957 
7609.471572 	0.071294 
7613.633704 	0.067564 
7617.758999 	0.063897 
7621.894376 	0.060150 
7626.062176 	0.056496 
7630.448799 	0.052625 
7634.832430 	0.048781 
7639.228791 	0.044961 
7643.633073 	0.041204 
7647.805595 	0.037682 
7651.985834 	0.034113 
7656.617100 	0.030336 
7661.432867 	0.026343 
7666.291901 	0.022433 
7671.130096 	0.018440 
7675.982425 	0.014404 
7680.845461 	0.010224 
7685.718089 	0.006078 
7690.578086 	0.001910 
7695.469254 	-0.002427 
7700.349620 	-0.006551 
7705.238894 	-0.010961 
7710.139980 	-0.015122 
7715.033826 	-0.019388 
7719.941814 	-0.023273 
7724.854996 	-0.027338 
7729.773187 	-0.031463 
7734.694848 	-0.035301 
7739.647246 	-0.039532 
7744.564519 	-0.043557 
7749.530670 	-0.047617 
7754.488951 	-0.051789 
7759.447260 	-0.055861 
7764.416150 	-0.059918 
7769.406543 	-0.063855 
7774.157334 	-0.067607 
7779.153337 	-0.071491 
7784.147756 	-0.075582 
7789.148185 	-0.079544 
7794.153929 	-0.083704 
7799.176131 	-0.087837 
7804.185330 	-0.091807 
7809.002964 	-0.095762 
7814.040284 	-0.099801 
7819.070167 	-0.103760 
7824.135985 	-0.107871 
7829.396419 	-0.112023 
7834.445185 	-0.116135 
7839.523162 	-0.120214 
7844.583256 	-0.124177 
7849.656848 	-0.128295 
7855.192669 	-0.132455 
7860.714638 	-0.136813 
7866.266398 	-0.141104 
7871.809978 	-0.145494 
7877.369595 	-0.149673 
7882.929777 	-0.154044 
7888.495011 	-0.158199 
7894.067449 	-0.162440 
7899.664032 	-0.166754 
7905.465850 	-0.171113 
7911.087623 	-0.175295 
7916.703172 	-0.179533 
7922.335013 	-0.183744 
7927.988434 	-0.187985 
7933.650026 	-0.192259 
7939.307402 	-0.196542 
7944.992633 	-0.200928 
7950.657732 	-0.205152 
7956.353007 	-0.209458 
7962.049975 	-0.213768 
7967.764634 	-0.218001 
7973.266104 	-0.222119 
7978.989556 	-0.226433 
7984.727023 	-0.230610 
7990.483100 	-0.234875 
7996.220652 	-0.239006 
8002.010889 	-0.243265 
8007.777299 	-0.247594 
8013.561664 	-0.251911 
8019.587203 	-0.255566 
8025.375002 	-0.259899 
8031.175606 	-0.264384 
8037.001383 	-0.268574 
8042.810982 	-0.272792 
8048.659355 	-0.276936 
8054.480355 	-0.281037 
8060.330974 	-0.285062 
8065.953212 	-0.289233 
8071.795490 	-0.293445 
8077.911804 	-0.297848 
8084.023919 	-0.302177 
8090.139552 	-0.306368 
8096.529263 	-0.310930 
8102.887206 	-0.315332 
8109.269752 	-0.319785 
8115.678109 	-0.324253 
8121.860654 	-0.328507 
8128.059014 	-0.332784 
8134.250579 	-0.337187 
8140.705109 	-0.341587 
8147.137791 	-0.345921 
8153.584657 	-0.350349 
8160.047883 	-0.354770 
8166.494063 	-0.359053 
8173.000677 	-0.363475 
8179.248538 	-0.367425 
8185.504931 	-0.371564 
8191.788446 	-0.375760 
8198.303228 	-0.380166 
8204.828573 	-0.384488 
8211.352573 	-0.388814 
8217.899105 	-0.392881 
8224.462614 	-0.397290 
8231.042554 	-0.401486 
8237.399718 	-0.405738 
8243.750433 	-0.409766 
8250.118876 	-0.413996 
8256.753763 	-0.418415 
8263.603006 	-0.422679 
8270.256081 	-0.426991 
8276.657775 	-0.431138 
8283.081904 	-0.435196 
8289.779002 	-0.439390 
8296.469885 	-0.443629 
8302.929842 	-0.447825 
8309.386052 	-0.451785 
8316.109038 	-0.455895 
8323.068219 	-0.460204 
8329.802692 	-0.464252 
8336.320375 	-0.468154 
8343.079257 	-0.471826 
8350.125177 	-0.476169 
8357.164961 	-0.480655 
8364.191688 	-0.484996 
8371.251633 	-0.489273 
8378.333321 	-0.493362 
8385.456225 	-0.497511 
8392.307559 	-0.501520 
8399.185195 	-0.505640 
8406.552065 	-0.510252 
8413.930629 	-0.514671 
8420.856511 	-0.518968 
8427.762789 	-0.522894 
8434.970764 	-0.526996 
8442.152553 	-0.531105 
8449.332932 	-0.535216 
8456.545620 	-0.539338 
8463.771429 	-0.543397 
8471.039874 	-0.547594 
8478.024850 	-0.551701 
8485.296927 	-0.555851 
8492.806584 	-0.560273 
8500.089226 	-0.564569 
8507.155278 	-0.568596 
8514.213347 	-0.572543 
8521.567668 	-0.576649 
8528.893571 	-0.580840 
8536.228417 	-0.585154 
8543.591472 	-0.589412 
8550.975227 	-0.593600 
8558.398180 	-0.597877 
8565.796582 	-0.602060 
8573.204990 	-0.606264 
8580.604447 	-0.610527 
8588.034697 	-0.614699 
8595.499045 	-0.618954 
8602.683056 	-0.622954 
8609.907280 	-0.627028 
8617.637699 	-0.631423 
8625.385717 	-0.635881 
8632.639244 	-0.639887 
8639.899503 	-0.643912 
8647.472458 	-0.648310 
