6786.514776 	0.074610 
6792.216036 	0.069180 
6798.095218 	0.063973 
6803.822632 	0.058589 
6809.584879 	0.053310 
6815.328770 	0.047826 
6821.136759 	0.042537 
6827.071210 	0.036907 
6832.925990 	0.031594 
6838.735726 	0.026474 
6844.632792 	0.021175 
6850.435606 	0.016034 
6856.334149 	0.010506 
6862.174983 	0.005427 
6867.951684 	0.000298 
6873.832029 	-0.005032 
6879.784625 	-0.010407 
6885.689788 	-0.015665 
6891.659548 	-0.021053 
6897.591647 	-0.026187 
6903.567898 	-0.031512 
6909.370540 	-0.036679 
6915.353211 	-0.041855 
6921.364051 	-0.047201 
6927.365288 	-0.052429 
6933.410170 	-0.057728 
6939.426461 	-0.062917 
6945.502654 	-0.068148 
6951.529300 	-0.073452 
6957.629473 	-0.078656 
6963.670823 	-0.083885 
6969.800583 	-0.089028 
6975.696317 	-0.094113 
6981.677105 	-0.099205 
6987.769495 	-0.104316 
6993.945017 	-0.109443 
7000.061624 	-0.114844 
7006.251302 	-0.119507 
7012.394564 	-0.124652 
7018.599841 	-0.129762 
7024.773388 	-0.134774 
7030.988986 	-0.139773 
7037.192057 	-0.144657 
7043.242992 	-0.149421 
7049.491038 	-0.154086 
7055.725771 	-0.158597 
7062.005931 	-0.162939 
7068.256763 	-0.167077 
7072.983403 	-0.169832 
7074.895925 	-0.170836 
7075.286282 	-0.171271 
7075.672440 	-0.171406 
7076.028932 	-0.171581 
7076.381217 	-0.171981 
7076.720803 	-0.172133 
7077.022215 	-0.172208 
7077.319407 	-0.172095 
7077.633610 	-0.172924 
7077.952089 	-0.172858 
7078.308821 	-0.172827 
7078.699570 	-0.172813 
7079.081868 	-0.173508 
7079.468458 	-0.173376 
7079.859341 	-0.173775 
7080.220522 	-0.173640 
7080.577493 	-0.174001 
7080.917499 	-0.174176 
7081.227785 	-0.173899 
7081.525345 	-0.174157 
7081.995119 	-0.174267 
7082.507481 	-0.174213 
7082.703091 	-0.174146 
7082.898713 	-0.174079 
7083.285738 	-0.174943 
7083.677060 	-0.175055 
7084.068427 	-0.174823 
7084.438566 	-0.175232 
7084.795979 	-0.175710 
7085.140664 	-0.175560 
7085.447079 	-0.175213 
7085.900369 	-0.175590 
7086.370749 	-0.175844 
7086.715593 	-0.175403 
7087.103052 	-0.176259 
7087.490555 	-0.175741 
7087.873844 	-0.175695 
7088.069763 	-0.176116 
7088.265694 	-0.176536 
7088.640550 	-0.176046 
7088.994146 	-0.175914 
7089.501172 	-0.176124 
7089.957133 	-0.176006 
7090.268245 	-0.175460 
7090.583648 	-0.176082 
7090.916131 	-0.176031 
7091.299806 	-0.175973 
7091.692051 	-0.175802 
7092.071550 	-0.175418 
7092.468149 	-0.175280 
7092.843468 	-0.175649 
7093.201766 	-0.175433 
7093.551570 	-0.175423 
7093.875810 	-0.174843 
7094.174480 	-0.174684 
7094.481710 	-0.174897 
7094.801771 	-0.174640 
7095.134667 	-0.174377 
7095.514549 	-0.173960 
7095.907280 	-0.173734 
7096.291518 	-0.173359 
7096.684340 	-0.173310 
7097.068665 	-0.172716 
7097.427408 	-0.172131 
7097.777646 	-0.171713 
7098.106561 	-0.171460 
7098.401330 	-0.170995 
7098.708942 	-0.170183 
7099.187505 	-0.169146 
7099.535787 	-0.168377 
7099.721694 	-0.168108 
7100.114912 	-0.167349 
7100.499624 	-0.166809 
7100.892931 	-0.165410 
7101.277732 	-0.164433 
7101.641195 	-0.163223 
7101.991866 	-0.161941 
7102.329743 	-0.160581 
7102.781009 	-0.157949 
7103.245170 	-0.155392 
7103.570335 	-0.153288 
7103.934042 	-0.150115 
7104.327746 	-0.147570 
7104.717214 	-0.144556 
7104.911966 	-0.142558 
7105.106728 	-0.140556 
7105.500567 	-0.135490 
7105.864480 	-0.130579 
7106.219868 	-0.124117 
7106.712335 	-0.110528 
7107.170607 	-0.090932 
7107.487579 	-0.070887 
7107.808864 	-0.040628 
7108.168739 	0.006302 
7108.567217 	0.075635 
7108.952885 	0.170305 
7109.342882 	0.283262 
7109.737211 	0.398748 
7110.101577 	0.502050 
7110.457406 	0.585921 
7110.800410 	0.655558 
7111.113431 	0.716431 
7111.413615 	0.770062 
7111.726693 	0.820214 
7112.048377 	0.865062 
7112.395831 	0.902159 
7112.790512 	0.931214 
7113.180948 	0.952186 
7113.567138 	0.966622 
7113.961955 	0.978606 
7114.335357 	0.992461 
7114.691628 	1.012152 
7115.039351 	1.042752 
7115.352761 	1.087971 
7115.653318 	1.147496 
7115.966784 	1.218806 
7116.456365 	1.340202 
7116.821448 	1.426144 
7117.014744 	1.470646 
7117.405663 	1.560645 
7117.792331 	1.653392 
7118.191934 	1.749038 
7118.574393 	1.842804 
7118.931107 	1.935334 
7119.283560 	2.022132 
7119.610256 	2.098699 
7120.068113 	2.200636 
7120.543232 	2.289633 
7120.882949 	2.341170 
7121.265710 	2.387635 
7121.661418 	2.433237 
7122.044266 	2.473617 
7122.244310 	2.492463 
7122.444366 	2.511678 
7122.827301 	2.548148 
7123.184460 	2.584290 
7123.537351 	2.617279 
7124.012952 	2.669016 
7124.471399 	2.723493 
7124.789981 	2.765728 
7125.121510 	2.808571 
7125.500439 	2.857731 
7125.896637 	2.906752 
7126.284267 	2.962264 
7126.676248 	3.018282 
7127.063966 	3.076533 
7127.425875 	3.127788 
7127.779205 	3.176885 
7128.115333 	3.214530 
7128.417015 	3.243633 
7128.723033 	3.255824 
7129.042011 	3.253424 
7129.369641 	3.237314 
7129.740418 	3.206017 
7130.141419 	3.165195 
7130.529530 	3.118795 
7130.930624 	3.069940 
7131.323138 	3.022994 
7131.694126 	2.979359 
7132.052212 	2.937579 
7132.393074 	2.899967 
7132.699448 	2.868913 
7133.005850 	2.842623 
7133.320911 	2.823155 
7133.644634 	2.807783 
7134.011557 	2.797150 
7134.408742 	2.792051 
7134.797337 	2.792116 
7135.190294 	2.794408 
7135.583297 	2.803393 
7135.950428 	2.811526 
7136.308958 	2.827775 
7136.654566 	2.841953 
7136.965642 	2.856769 
7137.425827 	2.881945 
7137.907684 	2.904992 
7138.262097 	2.915894 
7138.659775 	2.922864 
7139.048852 	2.929398 
7139.243407 	2.929884 
7139.437974 	2.930369 
7139.840112 	2.931388 
7140.212024 	2.929158 
7140.571001 	2.924302 
7141.079255 	2.915367 
7141.539994 	2.908960 
7141.860167 	2.903056 
7142.180371 	2.902664 
7142.535226 	2.900783 
7142.929072 	2.906732 
7143.322963 	2.911574 
7143.716899 	2.921947 
7144.119540 	2.931727 
7144.496247 	2.945860 
7144.860003 	2.966902 
7145.210804 	2.983993 
7145.526989 	3.003311 
7145.830208 	3.024659 
7146.142118 	3.043942 
7146.467054 	3.061045 
7146.809354 	3.079131 
7147.199357 	3.096926 
7147.593739 	3.105973 
7147.983831 	3.116418 
7148.386973 	3.124855 
7148.768484 	3.133244 
7149.128357 	3.139691 
7149.483932 	3.146756 
7149.809185 	3.152633 
7150.112782 	3.156229 
7150.425082 	3.162289 
7150.741748 	3.166666 
7151.080135 	3.167374 
7151.466285 	3.168451 
7151.865497 	3.169544 
7152.256075 	3.165977 
7152.659719 	3.163832 
7153.050387 	3.159347 
7153.410710 	3.156069 
7153.771070 	3.149134 
7154.101071 	3.142971 
7154.565733 	3.137422 
7155.043487 	3.131907 
7155.377955 	3.127826 
7155.760244 	3.125785 
7156.164300 	3.125351 
7156.357655 	3.123604 
7156.551022 	3.121858 
7156.955171 	3.122628 
7157.346328 	3.120789 
7157.707101 	3.121237 
7158.067912 	3.119977 
7158.559198 	3.118847 
7159.020114 	3.117015 
7159.341922 	3.110894 
7159.668110 	3.110125 
7160.042177 	3.103543 
7160.442386 	3.100887 
7160.829589 	3.096244 
7161.229890 	3.090147 
7161.625886 	3.085296 
7161.995814 	3.080286 
7162.357075 	3.074602 
7162.700962 	3.070968 
7163.010054 	3.068213 
7163.314820 	3.063775 
7163.637030 	3.059142 
7163.963625 	3.055717 
7164.325094 	3.054027 
7164.725802 	3.049522 
7165.518644 	3.044416 
7167.144833 	3.029705 
7169.039852 	2.997842 
7170.948859 	2.951910 
7172.610941 	2.894810 
7174.511446 	2.832831 
7176.427859 	2.780019 
7178.433675 	2.757901 
7180.273511 	2.762412 
7181.982122 	2.783307 
7184.079069 	2.825501 
7185.933899 	2.883272 
7187.856671 	2.939674 
7189.754775 	3.003453 
7191.616315 	3.043321 
7193.445918 	3.040569 
7195.358961 	2.999934 
7197.281711 	2.942081 
7199.143645 	2.867401 
7201.258962 	2.787082 
7202.968297 	2.719291 
7204.846809 	2.680375 
7206.838775 	2.694238 
7208.793063 	2.779949 
7210.695927 	2.913895 
7212.383430 	3.070199 
7214.329802 	3.215587 
7216.239541 	3.330996 
7218.313421 	3.382486 
7220.273307 	3.356398 
7222.071986 	3.278323 
7223.974989 	3.167905 
7225.866104 	3.033783 
7227.826268 	2.911105 
7229.724661 	2.785948 
7231.827192 	2.683840 
7233.599652 	2.619953 
7235.413027 	2.586381 
7237.489496 	2.579628 
7239.410235 	2.598975 
7241.548768 	2.636410 
7243.832706 	2.686605 
7246.639746 	2.721617 
7249.210624 	2.718617 
7251.751389 	2.690353 
7254.590681 	2.668973 
7257.064248 	2.679884 
7259.723116 	2.709446 
7262.245126 	2.735568 
7264.844536 	2.758050 
7267.480494 	2.795387 
7270.172805 	2.849959 
7273.023513 	2.892445 
7275.541653 	2.912387 
7278.171547 	2.936780 
7280.786689 	2.972369 
7283.317506 	3.007001 
7286.180073 	3.024073 
7288.688243 	2.994809 
7291.371377 	2.918668 
7294.151400 	2.820067 
7296.713864 	2.734872 
7299.401098 	2.665678 
7301.911083 	2.614484 
7304.795428 	2.579536 
7307.565926 	2.563533 
7310.162206 	2.563025 
7312.841568 	2.563060 
7315.371569 	2.559666 
7318.273810 	2.554608 
7320.831393 	2.551284 
7323.482013 	2.549276 
7326.329677 	2.545439 
7328.889610 	2.534516 
7331.622430 	2.515191 
7334.154200 	2.496921 
7337.027088 	2.491030 
7339.674073 	2.503395 
7342.283131 	2.536966 
7345.187297 	2.584745 
7347.929157 	2.633014 
7351.167315 	2.681097 
7354.621281 	2.724658 
7357.803104 	2.759681 
7360.997131 	2.783260 
7364.629410 	2.785446 
7368.096496 	2.760002 
7371.267084 	2.703472 
7374.681602 	2.612625 
7378.149308 	2.507872 
7381.597746 	2.424924 
7384.773138 	2.388645 
7388.232680 	2.387815 
7391.898105 	2.403820 
7395.145707 	2.416423 
7398.353203 	2.417420 
7401.830610 	2.413873 
7405.328520 	2.413206 
7408.748918 	2.415212 
7412.180908 	2.414827 
7415.680148 	2.410762 
7419.000228 	2.399110 
7422.214408 	2.380731 
7425.694298 	2.365921 
7429.216716 	2.363451 
7432.699248 	2.367987 
7436.138634 	2.381533 
7439.638375 	2.405752 
7443.170876 	2.432962 
7446.451542 	2.452803 
7449.721960 	2.461024 
7453.256003 	2.460810 
7456.786165 	2.455576 
7460.256105 	2.444516 
7463.748366 	2.424912 
7467.297292 	2.395899 
7470.839163 	2.365992 
7474.103254 	2.342650 
7477.449908 	2.324474 
7481.199588 	2.302104 
7484.940345 	2.276398 
7488.629594 	2.253109 
7492.758491 	2.236897 
7496.888459 	2.234531 
7501.042667 	2.239845 
7505.198863 	2.242681 
7509.342375 	2.239756 
7513.502918 	2.232539 
7517.432257 	2.225871 
7521.380316 	2.221608 
7525.573655 	2.221216 
7529.946026 	2.221492 
7534.132707 	2.217985 
7538.132386 	2.210592 
7542.298599 	2.202555 
7546.472943 	2.196306 
7550.470680 	2.196130 
7554.684428 	2.202399 
7558.899957 	2.209101 
7563.122404 	2.210092 
7567.357064 	2.201941 
7571.348959 	2.186406 
7575.561075 	2.164762 
7579.785531 	2.141502 
7584.025212 	2.124029 
7588.263699 	2.112218 
7592.526843 	2.105816 
7596.785160 	2.102125 
7600.808818 	2.097246 
7605.066955 	2.087738 
7609.321019 	2.075859 
7613.600953 	2.065381 
7617.893570 	2.061387 
7622.188143 	2.060395 
7626.484670 	2.057071 
7630.558380 	2.049323 
7634.638589 	2.038300 
7638.945604 	2.025135 
7643.246967 	2.013584 
7647.583096 	2.004517 
7652.106907 	1.997798 
7656.827515 	1.992544 
7661.784275 	1.989835 
7666.535112 	1.989213 
7671.265967 	1.988684 
7676.243789 	1.987577 
7681.013373 	1.984697 
7685.780241 	1.977191 
7690.579003 	1.966717 
7695.358100 	1.956192 
7700.360352 	1.945784 
7705.161220 	1.935315 
7709.961103 	1.924475 
7714.982189 	1.912647 
7719.793865 	1.902494 
7724.619898 	1.894980 
7729.654825 	1.887988 
7734.483227 	1.881484 
7739.324150 	1.874469 
7744.384062 	1.867053 
7749.446981 	1.860179 
7754.292734 	1.853672 
7759.167226 	1.844869 
7764.247172 	1.834892 
7769.329280 	1.824646 
7774.223008 	1.815703 
7779.103821 	1.808041 
7784.209097 	1.800255 
7789.334693 	1.793359 
7794.450848 	1.786942 
7799.369590 	1.781734 
7804.289201 	1.776801 
7809.421362 	1.771095 
7814.360108 	1.765329 
7819.298434 	1.759094 
7824.448860 	1.752667 
7829.404154 	1.746597 
7834.366182 	1.740292 
7839.538475 	1.733064 
7844.515391 	1.725892 
7849.512962 	1.718936 
7854.935166 	1.710625 
7860.591687 	1.701141 
7866.249723 	1.691594 
7871.914555 	1.682557 
7877.602106 	1.673237 
7883.073162 	1.664764 
7888.535920 	1.656486 
7894.239728 	1.648455 
7899.945092 	1.639883 
7905.454036 	1.631864 
7910.955082 	1.624540 
7916.685863 	1.616659 
7922.215186 	1.609199 
7927.745399 	1.601493 
7933.512528 	1.594582 
7939.289576 	1.588522 
7944.840165 	1.582161 
7950.420327 	1.575553 
7956.211608 	1.568436 
7962.007023 	1.561215 
7967.821607 	1.554459 
7973.634093 	1.548207 
7979.245970 	1.541625 
7984.848672 	1.534599 
7990.682651 	1.526702 
7996.544795 	1.518993 
8002.183190 	1.511669 
8007.818899 	1.504278 
8013.706620 	1.496391 
8019.589743 	1.488793 
8025.269383 	1.481109 
8030.954859 	1.473623 
8036.869266 	1.465702 
8042.565624 	1.458193 
8048.273521 	1.450467 
8054.215152 	1.442067 
8060.173970 	1.433892 
8065.881289 	1.426115 
8071.629912 	1.418376 
8077.821304 	1.410303 
8084.023059 	1.402905 
8090.244529 	1.396085 
8096.705241 	1.389731 
8102.965037 	1.383415 
8109.223102 	1.376453 
8115.479870 	1.368938 
8121.767645 	1.361287 
8128.261028 	1.353543 
8134.551761 	1.346544 
8140.834021 	1.339246 
8147.149597 	1.331779 
8153.486644 	1.324350 
8159.813184 	1.316821 
8166.172548 	1.309360 
8172.758199 	1.301438 
8179.114967 	1.293289 
8185.500736 	1.285630 
8192.104621 	1.277672 
8198.514680 	1.270265 
8204.921019 	1.262656 
8211.348034 	1.254908 
8217.797837 	1.247157 
8224.218857 	1.238990 
8230.685283 	1.231333 
8237.354187 	1.223627 
8244.054209 	1.215643 
8250.544308 	1.208765 
8257.029244 	1.201545 
8263.549393 	1.194122 
8270.059834 	1.186868 
8276.582338 	1.179383 
8283.123206 	1.172160 
8289.889681 	1.164644 
8296.444917 	1.157264 
8302.989861 	1.150504 
8309.813512 	1.142983 
8316.414619 	1.135467 
8322.766801 	1.128800 
8329.401030 	1.121450 
8336.262675 	1.114139 
8343.137677 	1.106695 
8350.252416 	1.098799 
8357.395609 	1.090973 
8364.330572 	1.083355 
8371.259362 	1.075695 
8378.202990 	1.067945 
8385.383376 	1.060015 
8392.565277 	1.052020 
8399.542329 	1.044369 
8406.530466 	1.036820 
8413.554011 	1.029148 
8420.555746 	1.021523 
8427.820492 	1.014100 
8435.085473 	1.006562 
8442.123717 	0.999080 
8449.201631 	0.991639 
8456.270723 	0.984267 
8463.613314 	0.976524 
8470.929877 	0.968834 
8478.266989 	0.961223 
8485.662609 	0.953700 
8492.799507 	0.946391 
8499.962943 	0.938882 
8507.113077 	0.931428 
8514.531677 	0.923878 
8521.946284 	0.916291 
8529.143450 	0.909035 
8536.365197 	0.901781 
8543.587890 	0.894416 
8550.828544 	0.886947 
8558.297281 	0.879469 
8565.803334 	0.871716 
8573.080070 	0.864218 
8580.370883 	0.857001 
8587.681697 	0.849783 
8595.237294 	0.842411 
8602.800968 	0.834880 
