6786.563396 	0.883244 
6792.377741 	0.875552 
6798.077441 	0.868214 
6803.769242 	0.860933 
6809.481443 	0.853233 
6815.384511 	0.845769 
6821.280269 	0.838087 
6827.055894 	0.830529 
6832.801892 	0.823207 
6838.624840 	0.815717 
6844.390841 	0.808348 
6850.251385 	0.800628 
6856.210524 	0.793004 
6862.096226 	0.785503 
6867.908144 	0.778080 
6873.809135 	0.770643 
6879.648227 	0.763399 
6885.562260 	0.756035 
6891.431670 	0.748664 
6897.525654 	0.740984 
6903.588804 	0.733467 
6909.530609 	0.726265 
6915.450081 	0.718810 
6921.401825 	0.711454 
6927.354686 	0.704033 
6933.310462 	0.696696 
6939.300591 	0.689320 
6945.438469 	0.681982 
6951.617688 	0.674460 
6957.597846 	0.667170 
6963.640266 	0.659831 
6969.635328 	0.652577 
6975.719150 	0.645426 
6981.742342 	0.638054 
6987.865739 	0.630830 
6993.920137 	0.623589 
7000.058858 	0.616617 
7006.316204 	0.609085 
7012.479525 	0.602018 
7018.598450 	0.594754 
7024.773743 	0.587769 
7030.922210 	0.580696 
7037.113010 	0.573430 
7043.301000 	0.566459 
7049.509212 	0.559437 
7055.724392 	0.552426 
7061.936369 	0.545505 
7068.181332 	0.538546 
7073.000883 	0.533448 
7074.772887 	0.530680 
7075.086855 	0.531040 
7075.409338 	0.530976 
7075.748828 	0.530165 
7076.139282 	0.529825 
7076.538271 	0.529645 
7076.924572 	0.528753 
7077.323653 	0.529068 
7077.705796 	0.528420 
7078.066749 	0.528042 
7078.427740 	0.527369 
7078.754788 	0.527423 
7079.056381 	0.526577 
7079.374993 	0.526681 
7079.697884 	0.526044 
7080.042051 	0.525698 
7080.433000 	0.524938 
7080.828244 	0.525102 
7081.215033 	0.524191 
7081.614619 	0.523821 
7081.992993 	0.524182 
7082.350150 	0.523184 
7082.707344 	0.523677 
7083.030552 	0.522600 
7083.332524 	0.522528 
7083.651537 	0.521964 
7083.974835 	0.521641 
7084.323691 	0.520967 
7084.719387 	0.520341 
7085.119386 	0.520169 
7085.510919 	0.520166 
7085.911011 	0.519753 
7086.285607 	0.519344 
7086.647473 	0.519085 
7087.000861 	0.518868 
7087.320219 	0.518073 
7087.626831 	0.517859 
7087.950507 	0.517683 
7088.274213 	0.517273 
7088.632031 	0.516633 
7089.032490 	0.516418 
7089.424474 	0.515985 
7089.816503 	0.515859 
7090.217102 	0.514876 
7090.592173 	0.515066 
7090.954497 	0.515150 
7091.304069 	0.514127 
7091.623832 	0.514103 
7091.926568 	0.513676 
7092.246389 	0.513484 
7092.570505 	0.513058 
7092.933039 	0.512971 
7093.334005 	0.512292 
7093.722219 	0.512142 
7094.114744 	0.511611 
7094.511581 	0.511420 
7094.882858 	0.511314 
7095.245639 	0.511229 
7095.591384 	0.510571 
7095.907280 	0.510105 
7096.214667 	0.510127 
7096.539161 	0.509344 
7096.867956 	0.509175 
7097.235220 	0.508858 
7097.640964 	0.508182 
7098.029669 	0.508373 
7098.426963 	0.507909 
7098.824303 	0.507446 
7099.196051 	0.507384 
7099.555018 	0.507278 
7099.905475 	0.507154 
7100.217497 	0.506712 
7100.525273 	0.505976 
7100.854454 	0.506039 
7101.187941 	0.505810 
7101.559947 	0.505347 
7101.966206 	0.504970 
7102.355405 	0.505309 
7102.753204 	0.505184 
7103.146771 	0.504218 
7103.514712 	0.504681 
7103.878414 	0.504453 
7104.216477 	0.503676 
7104.528894 	0.503678 
7104.837060 	0.503931 
7105.162376 	0.503493 
7105.496286 	0.502909 
7105.873043 	0.503432 
7106.275535 	0.502972 
7106.660944 	0.502931 
7107.059245 	0.503352 
7107.453310 	0.503709 
7107.821716 	0.502890 
7108.181593 	0.503665 
7108.524368 	0.503748 
7108.832895 	0.504376 
7109.150021 	0.505632 
7109.475749 	0.506829 
7109.810081 	0.509435 
7110.195889 	0.513570 
7110.603179 	0.518553 
7110.993365 	0.522039 
7111.396461 	0.523517 
7111.786738 	0.523300 
7112.155612 	0.523217 
7112.515946 	0.522466 
7112.854867 	0.520356 
7113.163786 	0.516743 
7113.481315 	0.514160 
7113.811748 	0.512048 
7114.155089 	0.511963 
7114.549974 	0.511563 
7114.953490 	0.512343 
7115.339880 	0.513926 
7115.739196 	0.514560 
7116.129970 	0.516888 
7116.495019 	0.519287 
7116.855811 	0.521875 
7117.186571 	0.525267 
7117.491586 	0.529492 
7117.809517 	0.535518 
7118.136072 	0.542650 
7118.479848 	0.552907 
7118.875234 	0.565559 
7119.279262 	0.582727 
7119.666141 	0.603725 
7120.070263 	0.629345 
7120.457232 	0.659900 
7120.822744 	0.695176 
7121.183993 	0.733737 
7121.515173 	0.773739 
7121.820574 	0.815410 
7122.143211 	0.856562 
7122.470180 	0.898149 
7122.822998 	0.938911 
7123.223190 	0.980723 
7123.623428 	1.024522 
7124.015104 	1.070537 
7124.424045 	1.119570 
7124.807203 	1.171820 
7125.173179 	1.229573 
7125.530583 	1.289711 
7125.857876 	1.351594 
7126.167973 	1.414360 
7126.495328 	1.476808 
7126.822714 	1.537917 
7127.180290 	1.595496 
7127.585300 	1.650819 
7127.981740 	1.698350 
7128.373916 	1.739209 
7128.779067 	1.771161 
7129.158402 	1.793037 
7129.520533 	1.807018 
7129.878391 	1.815472 
7130.197477 	1.815865 
7130.507967 	1.813785 
7130.831424 	1.808845 
7131.163539 	1.801406 
7131.525882 	1.793173 
7131.935722 	1.784336 
7132.332666 	1.775921 
7132.729656 	1.769397 
7133.135324 	1.763854 
7133.510825 	1.757896 
7133.877734 	1.754146 
7134.231730 	1.750202 
7134.551222 	1.745407 
7134.862107 	1.738466 
7135.190294 	1.730899 
7135.522832 	1.720948 
7135.894276 	1.709642 
7136.304639 	1.695328 
7136.697769 	1.681183 
7137.099586 	1.665427 
7137.501450 	1.648086 
7137.881753 	1.631198 
7138.249130 	1.614208 
7138.599256 	1.597331 
7138.914832 	1.579824 
7139.226113 	1.563254 
7139.554719 	1.546848 
7139.887680 	1.530696 
7140.263922 	1.516326 
7140.674809 	1.502145 
7141.068441 	1.487489 
7141.470771 	1.475495 
7141.868821 	1.463430 
7142.240953 	1.450040 
7142.604470 	1.439610 
7142.950713 	1.428087 
7143.266690 	1.418730 
7143.578367 	1.408242 
7143.907390 	1.399423 
7144.245104 	1.389988 
7144.630485 	1.381742 
7145.041895 	1.373801 
7145.436029 	1.366114 
7145.838872 	1.358369 
7146.237429 	1.352027 
7146.610036 	1.345049 
7146.978350 	1.338029 
7147.320700 	1.331392 
7147.632746 	1.324940 
7147.949154 	1.318473 
7148.278597 	1.311800 
7148.621077 	1.305739 
7149.015622 	1.298445 
7149.423222 	1.290561 
7149.817859 	1.283426 
7150.225554 	1.276471 
7150.620283 	1.268811 
7150.989028 	1.260356 
7151.353473 	1.251947 
7151.691921 	1.243583 
7152.004364 	1.235537 
7152.321175 	1.226702 
7152.651038 	1.219023 
7152.993954 	1.209628 
7153.389002 	1.200637 
7153.792779 	1.191707 
7154.187919 	1.182860 
7154.591790 	1.175030 
7154.982679 	1.167176 
7155.351892 	1.159890 
7155.716800 	1.152200 
7156.055678 	1.145999 
7156.368518 	1.139192 
7156.690078 	1.133730 
7157.020361 	1.128812 
7157.372407 	1.123925 
7157.767958 	1.120142 
7158.176598 	1.116448 
7158.576590 	1.113968 
7158.985326 	1.112822 
7159.372365 	1.110991 
7159.742050 	1.110607 
7160.107425 	1.111044 
7160.442386 	1.111932 
7160.755626 	1.113069 
7161.077597 	1.115469 
7161.412652 	1.117433 
7161.765148 	1.120558 
7162.169911 	1.124261 
7162.579074 	1.128352 
7162.970872 	1.132400 
7163.380130 	1.137823 
7163.763310 	1.143141 
7164.133467 	1.148690 
7164.494953 	1.153874 
7164.825986 	1.160737 
7165.460554 	1.173257 
7166.949708 	1.200626 
7169.015283 	1.239104 
7170.756209 	1.271826 
7172.711209 	1.304115 
7174.615410 	1.329312 
7176.552861 	1.337815 
7178.316477 	1.340312 
7180.152750 	1.339310 
7182.211373 	1.336284 
7183.968833 	1.332569 
7185.926595 	1.330091 
7187.830361 	1.328055 
7189.784025 	1.326587 
7191.543005 	1.324191 
7193.408291 	1.320867 
7195.458867 	1.316495 
7197.235542 	1.310749 
7199.192040 	1.303973 
7201.100489 	1.294982 
7203.065194 	1.285032 
7204.823894 	1.275507 
7206.715759 	1.264901 
7208.758799 	1.252565 
7210.561077 	1.241493 
7212.508561 	1.231151 
7214.426133 	1.220541 
7216.401951 	1.211353 
7218.158589 	1.203421 
7220.078110 	1.196463 
7222.113690 	1.189428 
7223.939171 	1.184337 
7225.878666 	1.180052 
7227.812073 	1.176986 
7229.799079 	1.174921 
7231.555406 	1.173696 
7233.500122 	1.173236 
7235.529803 	1.173397 
7237.375694 	1.173873 
7239.307868 	1.175196 
7241.459698 	1.176603 
7243.965129 	1.178239 
7246.564961 	1.179531 
7249.171835 	1.181161 
7251.858510 	1.182805 
7254.392718 	1.184624 
7257.108983 	1.185876 
7259.692418 	1.187089 
7262.335369 	1.186995 
7265.009785 	1.186058 
7267.571513 	1.183703 
7270.301261 	1.180679 
7272.868797 	1.176890 
7275.551290 	1.172088 
7278.198550 	1.166404 
7280.798914 	1.160222 
7283.533856 	1.153782 
7286.094368 	1.147356 
7288.808943 	1.141357 
7291.428815 	1.135219 
7294.071313 	1.128952 
7296.801768 	1.123250 
7299.368756 	1.117511 
7302.107868 	1.111867 
7304.707891 	1.106256 
7307.391526 	1.100804 
7310.106408 	1.095273 
7312.698072 	1.090258 
7315.451494 	1.085242 
7318.041247 	1.080267 
7320.770219 	1.075744 
7323.457671 	1.071574 
7326.089819 	1.067500 
7328.852430 	1.063821 
7331.448793 	1.060258 
7334.214300 	1.056811 
7336.878681 	1.053370 
7339.548345 	1.050452 
7342.308421 	1.047495 
7344.916668 	1.044516 
7347.884972 	1.041895 
7351.154041 	1.039001 
7354.380334 	1.036333 
7357.701125 	1.033585 
7361.223937 	1.030558 
7364.480433 	1.027139 
7367.750182 	1.023869 
7371.277353 	1.019717 
7374.810090 	1.015706 
7378.061018 	1.011941 
7381.359336 	1.007805 
7384.906759 	1.002978 
7388.436571 	0.997904 
7391.690245 	0.993154 
7395.020812 	0.988126 
7398.582406 	0.982887 
7401.905897 	0.977460 
7405.184930 	0.972111 
7408.733870 	0.966125 
7412.307121 	0.960421 
7415.617502 	0.954762 
7418.930434 	0.949493 
7422.505572 	0.943848 
7425.896718 	0.938698 
7429.186448 	0.933865 
7432.731635 	0.928857 
7436.330534 	0.924209 
7439.719108 	0.919837 
7443.016328 	0.915819 
7446.389011 	0.911617 
7449.812762 	0.907864 
7453.366859 	0.903763 
7456.687824 	0.899750 
7460.110821 	0.895919 
7463.727289 	0.891484 
7467.067273 	0.887540 
7470.444804 	0.883650 
7474.071152 	0.879679 
7477.682112 	0.875366 
7481.021372 	0.871514 
7484.634111 	0.867419 
7488.652992 	0.862842 
7492.864968 	0.857958 
7497.081340 	0.853325 
7501.086313 	0.848547 
7505.091411 	0.843772 
7509.099987 	0.839313 
7513.138967 	0.834463 
7517.394232 	0.829366 
7521.644862 	0.823977 
7525.684830 	0.819058 
7529.727853 	0.813921 
7533.770065 	0.808982 
7538.029718 	0.803618 
7542.295427 	0.798248 
7546.387550 	0.793091 
7550.663738 	0.787516 
7554.963965 	0.782378 
7559.045040 	0.777041 
7563.117530 	0.772008 
7567.231168 	0.766920 
7571.387063 	0.761879 
7575.729588 	0.756671 
7580.063168 	0.751349 
7584.202316 	0.746415 
7588.315722 	0.741469 
7592.419507 	0.736788 
7596.558391 	0.732077 
7600.715251 	0.727384 
7605.068299 	0.722434 
7609.440473 	0.717695 
7613.608995 	0.713129 
7617.743167 	0.708649 
7621.881498 	0.704116 
7626.052754 	0.699693 
7630.442932 	0.695072 
7634.827957 	0.690561 
7639.225625 	0.686039 
7643.631080 	0.681336 
7647.804597 	0.676774 
7651.984336 	0.672288 
7656.612100 	0.667038 
7661.430136 	0.661603 
7666.289395 	0.656286 
7671.127815 	0.650740 
7675.981587 	0.645418 
7680.845461 	0.639901 
7685.721449 	0.634718 
7690.579462 	0.629518 
7695.471359 	0.624137 
7700.352840 	0.618810 
7705.241005 	0.613367 
7710.142286 	0.608047 
7715.036366 	0.602914 
7719.945050 	0.597832 
7724.858391 	0.592498 
7729.777360 	0.587285 
7734.699528 	0.581854 
7739.651894 	0.576534 
7744.568359 	0.571141 
7749.533933 	0.565857 
7754.494512 	0.560624 
7759.455203 	0.555558 
7764.210718 	0.550524 
7769.192288 	0.545435 
7774.164371 	0.540134 
7779.159795 	0.535332 
7784.155751 	0.530055 
7789.156820 	0.524961 
7794.164304 	0.519869 
7799.187386 	0.514918 
7804.197624 	0.510063 
7809.016694 	0.505162 
7814.052017 	0.500147 
7819.082509 	0.495248 
7824.148186 	0.490141 
7829.408637 	0.485011 
7834.458055 	0.479985 
7839.539350 	0.474863 
7844.595204 	0.469885 
7849.672202 	0.464733 
7855.206863 	0.459259 
7860.730037 	0.453660 
7866.281040 	0.447999 
7871.821892 	0.442321 
7877.381016 	0.437164 
7882.940841 	0.431637 
7888.506465 	0.426153 
7894.077214 	0.420792 
7899.675520 	0.415264 
7905.476944 	0.409856 
7911.097877 	0.404242 
7916.715124 	0.398852 
7922.345744 	0.393435 
7927.997941 	0.387838 
7933.661685 	0.382546 
7939.317352 	0.377104 
7945.001629 	0.371759 
7950.666879 	0.366577 
7956.362480 	0.361353 
7962.059984 	0.356039 
7967.775492 	0.350694 
7973.275165 	0.345654 
7978.999608 	0.340204 
7984.735657 	0.334814 
7990.490242 	0.329459 
7996.230679 	0.324234 
8002.019316 	0.318786 
8007.785985 	0.313451 
8013.568848 	0.308080 
8019.366654 	0.302810 
8025.149462 	0.297511 
8031.181974 	0.292052 
8037.009213 	0.286849 
8042.819498 	0.281625 
8048.665823 	0.276288 
8054.487615 	0.271207 
8060.338387 	0.265705 
8065.958316 	0.260600 
8071.801067 	0.255248 
8077.916960 	0.249439 
8084.029083 	0.244049 
8090.144724 	0.238590 
8096.532069 	0.232877 
8102.891098 	0.227291 
8109.275784 	0.221627 
8115.684616 	0.215958 
8121.865433 	0.210416 
8128.063366 	0.204959 
8134.254938 	0.199386 
8140.711595 	0.193534 
8147.144787 	0.187835 
8153.593198 	0.182278 
8160.057973 	0.176627 
8166.505079 	0.171159 
8173.013441 	0.165586 
8179.259999 	0.160201 
8185.516411 	0.154766 
8191.798618 	0.149445 
8198.313511 	0.144024 
8204.838778 	0.138812 
8211.365366 	0.133265 
8217.912459 	0.127509 
8224.475449 	0.121824 
8231.055059 	0.116285 
8237.412690 	0.110973 
8243.761186 	0.105522 
8250.132787 	0.100280 
8256.766284 	0.094677 
8263.374249 	0.089257 
8270.019214 	0.083701 
8276.673585 	0.078386 
8283.099097 	0.073186 
8289.796677 	0.067571 
8296.486681 	0.062157 
8302.948029 	0.056752 
8309.402447 	0.051510 
8316.125558 	0.045985 
8323.083070 	0.040312 
8329.821001 	0.034946 
8336.338254 	0.029926 
8343.095888 	0.024855 
8350.143972 	0.019454 
8357.181650 	0.013956 
8364.207120 	0.008423 
8371.270096 	0.002629 
8378.348376 	-0.002897 
8385.472599 	-0.008650 
8392.326617 	-0.014118 
8399.201192 	-0.019572 
8406.568640 	-0.025128 
8413.947552 	-0.030723 
8420.872893 	-0.035953 
8427.779334 	-0.041212 
8434.985157 	-0.046684 
8442.166534 	-0.052062 
8449.348251 	-0.057706 
8456.561404 	-0.063150 
8463.787241 	-0.068644 
8471.052634 	-0.074305 
8478.039564 	-0.079801 
8485.311350 	-0.085311 
8492.822508 	-0.090937 
8500.105621 	-0.096533 
8507.171052 	-0.101830 
8514.228019 	-0.107066 
8521.585485 	-0.112566 
8528.911419 	-0.117959 
8536.247637 	-0.123265 
8543.611622 	-0.128625 
8550.994516 	-0.133914 
8558.416605 	-0.139285 
8565.811888 	-0.144812 
8573.218970 	-0.150257 
8580.622518 	-0.155575 
8588.051896 	-0.160930 
8595.246896 	-0.165996 
8602.437636 	-0.171086 
8609.923203 	-0.176429 
8617.652589 	-0.181980 
8625.403983 	-0.187483 
8632.656978 	-0.192323 
8639.919207 	-0.197387 
8647.491279 	-0.202577 
