6786.412454 	0.691970 
6792.234436 	0.684719 
6798.091447 	0.677403 
6803.783797 	0.670468 
6809.495959 	0.663494 
6815.238938 	0.656496 
6821.128851 	0.649255 
6827.070554 	0.641961 
6832.819066 	0.635063 
6838.639991 	0.628105 
6844.407144 	0.620943 
6850.268793 	0.613945 
6856.225756 	0.606967 
6862.111915 	0.599890 
6867.922987 	0.592960 
6873.826995 	0.586093 
6879.664457 	0.579034 
6885.580184 	0.572161 
6891.448852 	0.565210 
6897.543984 	0.558146 
6903.606945 	0.550986 
6909.548426 	0.544057 
6915.470085 	0.537167 
6921.418991 	0.530205 
6927.374085 	0.523254 
6933.328407 	0.516680 
6939.319607 	0.509785 
6945.456840 	0.502822 
6951.635638 	0.495762 
6957.618333 	0.488940 
6963.658509 	0.482026 
6969.656614 	0.475347 
6975.737917 	0.468514 
6981.762978 	0.461719 
6987.886871 	0.454873 
6993.941092 	0.448028 
7000.080529 	0.441357 
7006.334913 	0.434298 
7012.499860 	0.427683 
7018.616764 	0.421082 
7024.794153 	0.414130 
7030.939893 	0.407713 
7037.132014 	0.401114 
7043.319448 	0.394432 
7049.528781 	0.387845 
7055.744080 	0.381244 
7061.954518 	0.374900 
7068.201093 	0.368617 
7073.021142 	0.363701 
7074.789858 	0.362289 
7075.103827 	0.361964 
7075.430555 	0.360957 
7075.770047 	0.361019 
7076.160504 	0.360546 
7076.559496 	0.360518 
7076.945798 	0.359844 
7077.344882 	0.359668 
7077.727028 	0.359593 
7078.087983 	0.359205 
7078.444729 	0.358469 
7078.771779 	0.358275 
7079.073372 	0.357842 
7079.391986 	0.357704 
7079.719128 	0.357327 
7080.063297 	0.357042 
7080.458498 	0.356464 
7080.853745 	0.356427 
7081.240537 	0.355721 
7081.635874 	0.355492 
7082.014252 	0.355557 
7082.375662 	0.355008 
7082.728607 	0.354880 
7083.047563 	0.354194 
7083.353790 	0.354058 
7083.672806 	0.353675 
7083.996106 	0.353117 
7084.349218 	0.352856 
7084.749173 	0.352336 
7085.144919 	0.352400 
7085.532199 	0.351964 
7085.932294 	0.351657 
7086.306892 	0.351674 
7086.668760 	0.350764 
7087.022150 	0.350960 
7087.341510 	0.350287 
7087.648124 	0.349897 
7087.967543 	0.350227 
7088.295511 	0.349384 
7088.653330 	0.349112 
7089.053792 	0.348770 
7089.450040 	0.349127 
7089.842072 	0.348472 
7090.238411 	0.347913 
7090.613485 	0.347290 
7090.971548 	0.347902 
7091.321122 	0.346940 
7091.636623 	0.347318 
7091.943624 	0.346866 
7092.263447 	0.346617 
7092.591829 	0.346076 
7092.954366 	0.345971 
7093.355334 	0.345505 
7093.743550 	0.345272 
7094.136078 	0.345077 
7094.532918 	0.345215 
7094.904197 	0.345047 
7095.262712 	0.344623 
7095.612727 	0.344889 
7095.924357 	0.344144 
7096.236015 	0.343886 
7096.556241 	0.344189 
7096.889308 	0.343318 
7097.256573 	0.343352 
7097.662320 	0.343248 
7098.055299 	0.343058 
7098.448324 	0.342875 
7098.845667 	0.342745 
7099.217417 	0.342477 
7099.576386 	0.342399 
7099.922571 	0.342601 
7100.234595 	0.342587 
7100.546648 	0.342345 
7100.871555 	0.342163 
7101.205044 	0.342227 
7101.581328 	0.341829 
7101.987590 	0.342210 
7102.376791 	0.342109 
7102.778870 	0.341585 
7103.168162 	0.342092 
7103.536105 	0.341977 
7103.895530 	0.342181 
7104.237875 	0.342256 
7104.546014 	0.342369 
7104.858461 	0.343210 
7105.179499 	0.343210 
7105.513410 	0.343653 
7105.890170 	0.343936 
7106.296945 	0.344457 
7106.682357 	0.345273 
7107.080661 	0.345720 
7107.474728 	0.347727 
7107.838852 	0.349531 
7108.203015 	0.352425 
7108.541507 	0.357408 
7108.850036 	0.363099 
7109.167164 	0.369344 
7109.492893 	0.373468 
7109.831514 	0.374964 
7110.221611 	0.375465 
7110.624617 	0.375523 
7111.014805 	0.375517 
7111.417904 	0.376347 
7111.808183 	0.375978 
7112.172770 	0.375085 
7112.537396 	0.374912 
7112.872028 	0.375373 
7113.180948 	0.377875 
7113.502770 	0.381786 
7113.833205 	0.387842 
7114.176549 	0.396773 
7114.571436 	0.408635 
7114.970662 	0.425952 
7115.361348 	0.449648 
7115.760666 	0.479120 
7116.147148 	0.517130 
7116.512198 	0.565309 
7116.872993 	0.622452 
7117.203754 	0.689925 
7117.508770 	0.767829 
7117.826704 	0.853476 
7118.153260 	0.945429 
7118.501336 	1.039978 
7118.896723 	1.133855 
7119.296455 	1.219542 
7119.687636 	1.297722 
7120.091760 	1.371081 
7120.474432 	1.441214 
7120.839945 	1.513315 
7121.201197 	1.594139 
7121.528076 	1.679088 
7121.837781 	1.766248 
7122.160419 	1.852114 
7122.491693 	1.933913 
7122.844513 	2.004625 
7123.244707 	2.064608 
7123.644948 	2.110070 
7124.040931 	2.136349 
7124.445570 	2.139047 
7124.828729 	2.119945 
7125.194709 	2.081931 
7125.552114 	2.034291 
7125.879410 	1.982902 
7126.189509 	1.936571 
7126.512558 	1.897290 
7126.844253 	1.866831 
7127.206140 	1.841853 
7127.606845 	1.822723 
7128.003287 	1.806123 
7128.399775 	1.790545 
7128.800619 	1.772883 
7129.179956 	1.754040 
7129.542090 	1.731812 
7129.899950 	1.706860 
7130.214726 	1.681511 
7130.525217 	1.656646 
7130.848676 	1.632939 
7131.180792 	1.611684 
7131.547452 	1.594003 
7131.957294 	1.579156 
7132.349925 	1.568077 
7132.751233 	1.559281 
7133.152587 	1.554434 
7133.528090 	1.550033 
7133.895001 	1.548360 
7134.248999 	1.545640 
7134.568492 	1.545019 
7134.879379 	1.543655 
7135.207568 	1.540976 
7135.540108 	1.537326 
7135.915873 	1.534012 
7136.326238 	1.528981 
7136.719371 	1.524113 
7137.121190 	1.517895 
7137.527379 	1.512647 
7137.899040 	1.508377 
7138.266419 	1.503601 
7138.616547 	1.498186 
7138.927801 	1.493885 
7139.243407 	1.488068 
7139.572015 	1.481553 
7139.909302 	1.474049 
7140.289872 	1.465446 
7140.696436 	1.456186 
7141.090070 	1.445983 
7141.492403 	1.435351 
7141.890455 	1.424069 
7142.262590 	1.412357 
7142.626110 	1.400331 
7142.972354 	1.387879 
7143.284004 	1.375633 
7143.600012 	1.363542 
7143.929037 	1.351120 
7144.271083 	1.339427 
7144.656468 	1.328791 
7145.067881 	1.317479 
7145.457686 	1.306174 
7145.864863 	1.297180 
7146.259091 	1.288233 
7146.631700 	1.279106 
7146.995683 	1.270328 
7147.338035 	1.263988 
7147.650082 	1.257440 
7147.970827 	1.250969 
7148.295937 	1.246138 
7148.642754 	1.241863 
7149.032966 	1.237666 
7149.444904 	1.235323 
7149.839544 	1.233133 
7150.247241 	1.232341 
7150.641973 	1.232899 
7151.006381 	1.233339 
7151.370828 	1.235192 
7151.709278 	1.238544 
7152.021722 	1.241829 
7152.342876 	1.245943 
7152.668400 	1.250475 
7153.015659 	1.255969 
7153.410710 	1.260891 
7153.818831 	1.267515 
7154.213974 	1.273324 
7154.617848 	1.280808 
7155.008739 	1.287032 
7155.373611 	1.293306 
7155.738522 	1.300872 
7156.073057 	1.307394 
7156.385899 	1.314676 
7156.711807 	1.321240 
7157.042091 	1.327926 
7157.394139 	1.334964 
7157.794040 	1.341329 
7158.202683 	1.347454 
7158.598330 	1.355077 
7159.002720 	1.361289 
7159.394110 	1.367901 
7159.763798 	1.373250 
7160.129175 	1.380189 
7160.459787 	1.385919 
7160.768678 	1.391808 
7161.099352 	1.398105 
7161.430058 	1.403169 
7161.786909 	1.408018 
7162.191674 	1.413312 
7162.596486 	1.418768 
7162.992639 	1.422912 
7163.401900 	1.426607 
7163.785083 	1.430763 
7164.150887 	1.435134 
7164.512375 	1.438436 
7164.839054 	1.442686 
7165.477981 	1.449416 
7166.973245 	1.461071 
7168.870640 	1.476841 
7170.598039 	1.488020 
7172.555933 	1.487420 
7174.467473 	1.478188 
7176.573840 	1.465931 
7178.334843 	1.456233 
7180.175502 	1.449756 
7182.231074 	1.443710 
7183.994019 	1.436889 
7185.949969 	1.427292 
7187.854917 	1.415189 
7189.807718 	1.403194 
7191.562320 	1.390024 
7193.432009 	1.376146 
7195.479376 	1.362381 
7197.260825 	1.351638 
7199.216237 	1.343121 
7201.126020 	1.335885 
7203.090739 	1.331805 
7204.843283 	1.328135 
7206.737804 	1.325390 
7208.779387 	1.323091 
7210.582043 	1.322443 
7212.531379 	1.323067 
7214.452647 	1.324272 
7216.428480 	1.325620 
7218.180708 	1.327177 
7220.100240 	1.327642 
7222.135095 	1.327782 
7223.962434 	1.327218 
7225.900834 	1.325491 
7227.833366 	1.322958 
7229.825711 	1.320701 
7231.575834 	1.317704 
7233.525004 	1.314635 
7235.549810 	1.312452 
7237.399047 	1.310714 
7239.329379 	1.309514 
7241.483450 	1.309676 
7243.987413 	1.310883 
7246.591084 	1.313612 
7249.194789 	1.315174 
7251.880205 	1.314957 
7254.412514 	1.312762 
7257.131990 	1.308450 
7259.718000 	1.302675 
7262.358410 	1.296074 
7265.032844 	1.289268 
7267.592024 	1.281521 
7270.323713 	1.274362 
7272.895118 	1.267417 
7275.573775 	1.261218 
7278.226196 	1.255490 
7280.820147 	1.250109 
7283.555105 	1.244765 
7286.117566 	1.238888 
7288.831514 	1.233258 
7291.455275 	1.228303 
7294.093918 	1.223223 
7296.826330 	1.218453 
7299.390102 	1.214268 
7302.129878 	1.210407 
7304.733804 	1.206948 
7307.415513 	1.203756 
7310.130414 	1.200550 
7312.718849 	1.197573 
7315.473587 	1.194656 
7318.066608 	1.191733 
7320.792996 	1.189230 
7323.485025 	1.186544 
7326.111328 	1.183804 
7328.875260 	1.180905 
7331.471639 	1.177593 
7334.239124 	1.174133 
7336.906792 	1.170136 
7339.572552 	1.165873 
7342.332648 	1.161146 
7344.938291 	1.156212 
7347.906778 	1.151340 
7351.180079 	1.145829 
7354.406204 	1.141266 
7357.724142 	1.136388 
7361.246977 	1.131387 
7364.505224 	1.126676 
7367.774291 	1.121770 
7371.303026 	1.116166 
7374.831676 	1.110774 
7378.084746 	1.105577 
7381.385596 	1.100344 
7384.933045 	1.094842 
7388.270638 	1.090157 
7391.520610 	1.085096 
7395.043555 	1.080236 
7398.607242 	1.075095 
7401.932698 	1.070298 
7405.208775 	1.065400 
7408.757220 	1.060259 
7412.332052 	1.055047 
7415.644991 	1.050328 
7418.954891 	1.045880 
7422.527970 	1.041392 
7425.920180 	1.037016 
7429.211497 	1.032778 
7432.757754 	1.028284 
7436.353542 	1.023714 
7439.745017 	1.019287 
7442.830617 	1.015272 
7446.228622 	1.010762 
7449.839530 	1.006229 
7453.392078 	1.001449 
7456.712672 	0.996998 
7460.136087 	0.992858 
7463.753635 	0.988482 
7467.095752 	0.984259 
7470.467504 	0.980171 
7474.095460 	0.975796 
7477.711205 	0.970947 
7481.051749 	0.966421 
7484.660822 	0.961571 
7488.677823 	0.955959 
7492.893218 	0.950145 
7497.110058 	0.944538 
7501.111709 	0.939015 
7505.117794 	0.933690 
7509.126879 	0.928296 
7513.165890 	0.923457 
7517.420486 	0.918087 
7521.679558 	0.912685 
7525.749958 	0.907725 
7529.835555 	0.902621 
7533.870151 	0.897662 
7537.907780 	0.892489 
7542.186254 	0.887258 
7546.471002 	0.882140 
7550.742342 	0.876757 
7555.039346 	0.871471 
7559.122453 	0.866476 
7563.187718 	0.861498 
7567.278988 	0.856855 
7571.397322 	0.851907 
7575.723808 	0.846660 
7580.062679 	0.841549 
7584.205747 	0.836425 
7588.320630 	0.831582 
7592.433264 	0.826543 
7596.574132 	0.821534 
7600.729532 	0.816311 
7605.082642 	0.811143 
7609.461206 	0.806168 
7613.628268 	0.801316 
7617.760978 	0.796600 
7621.899824 	0.791797 
7626.072589 	0.786952 
7630.462790 	0.782027 
7634.844856 	0.776943 
7639.046255 	0.772061 
7643.429847 	0.767052 
7647.825048 	0.761912 
7652.004310 	0.757224 
7656.635432 	0.751733 
7661.455623 	0.746307 
7666.313206 	0.740800 
7671.149718 	0.735577 
7676.007555 	0.730123 
7680.871997 	0.724548 
7685.744545 	0.719161 
7690.604691 	0.713747 
7695.500411 	0.708165 
7700.378136 	0.702698 
7705.265912 	0.697236 
7710.170415 	0.691682 
7715.064725 	0.686200 
7719.970479 	0.680797 
7724.884278 	0.675292 
7729.805637 	0.669730 
7734.726335 	0.664335 
7739.677923 	0.658952 
7744.598649 	0.653505 
7749.565622 	0.648000 
7754.521461 	0.643001 
7759.482772 	0.637907 
7764.242064 	0.632788 
7769.221490 	0.627503 
7774.190640 	0.622304 
7779.188213 	0.616993 
7784.185383 	0.611595 
7789.185313 	0.606113 
7794.192600 	0.600724 
7798.991811 	0.595603 
7804.014832 	0.590374 
7809.040367 	0.585031 
7814.078961 	0.579900 
7819.110518 	0.574722 
7824.173895 	0.569474 
7829.211373 	0.564206 
7834.271808 	0.558815 
7839.345455 	0.553641 
7844.402843 	0.548390 
7849.698523 	0.542929 
7855.012584 	0.537348 
7860.537269 	0.531835 
7866.080704 	0.526126 
7871.637589 	0.520357 
7877.179347 	0.514898 
7882.753209 	0.509289 
7888.536738 	0.503491 
7894.108726 	0.497821 
7899.702599 	0.492255 
7905.282655 	0.486565 
7910.902822 	0.480871 
7916.739851 	0.475081 
7922.373913 	0.469419 
7928.026048 	0.463827 
7933.684556 	0.458338 
7939.340982 	0.452824 
7945.029065 	0.447374 
7950.690163 	0.441962 
7956.385486 	0.436619 
7961.857632 	0.431252 
7967.571031 	0.425712 
7973.297819 	0.420276 
7979.025996 	0.414640 
7984.761560 	0.409267 
7990.515868 	0.403725 
7996.255747 	0.398222 
8002.046704 	0.392845 
8007.809756 	0.387396 
8013.594205 	0.382049 
8019.393707 	0.376685 
8025.174047 	0.371204 
8031.209993 	0.365508 
8037.040073 	0.360033 
8042.849304 	0.354671 
8048.695389 	0.349196 
8054.294405 	0.343948 
8060.129490 	0.338459 
8065.989870 	0.333244 
8071.835385 	0.327945 
8077.949612 	0.322388 
8084.060066 	0.316925 
8090.180065 	0.311436 
8096.566943 	0.305697 
8102.922230 	0.300058 
8109.310772 	0.294366 
8115.719754 	0.288781 
8121.898888 	0.283086 
8128.099920 	0.277509 
8134.288498 	0.272087 
8140.743620 	0.266305 
8147.177145 	0.260784 
8153.627361 	0.255167 
8160.086489 	0.249441 
8166.301697 	0.243920 
8172.792119 	0.238107 
8179.286009 	0.232496 
8185.544669 	0.227142 
8191.826920 	0.221753 
8198.337778 	0.216019 
8204.865399 	0.210358 
8211.390126 	0.204816 
8217.936051 	0.199251 
8224.260767 	0.193875 
8230.831665 	0.188445 
8237.435056 	0.182823 
8243.785827 	0.177644 
8250.157917 	0.172132 
8256.790075 	0.166564 
8263.396761 	0.160913 
8270.043502 	0.155219 
8276.695720 	0.149535 
8283.121720 	0.144102 
8289.821506 	0.138644 
8296.508017 	0.133059 
8302.969400 	0.127935 
8309.425218 	0.122656 
8316.144620 	0.117133 
8322.863670 	0.111572 
8329.585477 	0.106242 
8336.358427 	0.100847 
8343.118488 	0.095607 
8350.167893 	0.090088 
8357.203045 	0.084344 
8364.232410 	0.078638 
8371.294572 	0.072832 
8378.373754 	0.067167 
8385.239590 	0.061634 
8392.103010 	0.056224 
8399.224538 	0.050700 
8406.592895 	0.044886 
8413.973587 	0.039128 
8420.898638 	0.033819 
8427.808940 	0.028321 
8435.012635 	0.022782 
8442.193186 	0.017146 
8449.377138 	0.011512 
8456.590342 	0.005854 
8463.815791 	0.000250 
8470.820830 	-0.005140 
8477.816079 	-0.010432 
8485.079352 	-0.015969 
8492.591502 	-0.021724 
8500.129992 	-0.027459 
8507.198776 	-0.032999 
8514.257809 	-0.038322 
8521.611319 	-0.043793 
8528.939530 	-0.049235 
8536.277139 	-0.054666 
8543.637594 	-0.060030 
8551.021430 	-0.065698 
8558.444017 	-0.071142 
8565.835297 	-0.076621 
8573.246931 	-0.081998 
8580.648721 	-0.087228 
8588.077241 	-0.092581 
8595.278143 	-0.097783 
8602.467609 	-0.102843 
8609.950046 	-0.108126 
8617.420350 	-0.113375 
8625.162731 	-0.118620 
8632.688013 	-0.124040 
8639.951282 	-0.129377 
8647.521117 	-0.134875 
