6786.577874 	0.524900 
6792.245259 	0.518413 
6797.988046 	0.511794 
6803.686258 	0.505191 
6809.454753 	0.498645 
6815.343410 	0.492015 
6821.141518 	0.485562 
6826.907877 	0.479266 
6832.889385 	0.472486 
6838.673805 	0.465912 
6844.519727 	0.459542 
6850.340409 	0.453048 
6856.203239 	0.446568 
6862.064849 	0.440183 
6867.943591 	0.433561 
6873.818666 	0.427136 
6879.710703 	0.420643 
6885.630011 	0.414211 
6891.553056 	0.407792 
6897.525207 	0.401278 
6903.465632 	0.394781 
6909.464319 	0.388516 
6915.425358 	0.381894 
6921.459070 	0.375384 
6927.443561 	0.369171 
6933.503728 	0.362539 
6939.505925 	0.355906 
6945.419738 	0.349557 
6951.452753 	0.342905 
6957.552294 	0.336448 
6963.432525 	0.330213 
6969.544714 	0.323852 
6975.627375 	0.317459 
6981.755519 	0.310894 
6987.871941 	0.304374 
6994.023949 	0.298058 
7000.166060 	0.291911 
7006.327060 	0.285542 
7012.502161 	0.279184 
7018.502222 	0.273208 
7024.715207 	0.266941 
7030.894373 	0.260661 
7037.136028 	0.254538 
7043.331756 	0.248442 
7049.434115 	0.242498 
7055.645876 	0.236436 
7061.948896 	0.230444 
7068.185332 	0.224680 
7073.112313 	0.219930 
7074.946839 	0.218200 
7075.341445 	0.218065 
7075.723365 	0.217900 
7075.916463 	0.217541 
7076.109572 	0.217182 
7076.491579 	0.217410 
7076.848157 	0.216658 
7077.200527 	0.216579 
7077.680319 	0.216188 
7078.134697 	0.215536 
7078.453223 	0.214914 
7078.776026 	0.214990 
7079.137093 	0.214827 
7079.527937 	0.213993 
7079.910329 	0.214346 
7080.301262 	0.213985 
7080.687991 	0.213163 
7081.045010 	0.213091 
7081.393565 	0.212508 
7081.729402 	0.212368 
7082.035510 	0.211745 
7082.337394 	0.212114 
7082.656314 	0.211567 
7082.975264 	0.211594 
7083.336777 	0.210958 
7083.728105 	0.210305 
7084.115224 	0.210461 
7084.502387 	0.210013 
7084.893849 	0.209831 
7085.259822 	0.209512 
7085.613066 	0.209580 
7085.953576 	0.209004 
7086.260065 	0.208307 
7086.558067 	0.208452 
7086.873126 	0.208133 
7087.192472 	0.207981 
7087.545916 	0.207355 
7087.937729 	0.207535 
7088.325328 	0.207251 
7088.708711 	0.206944 
7089.100657 	0.206545 
7089.471344 	0.206285 
7089.820765 	0.206691 
7090.161697 	0.205394 
7090.477090 	0.205540 
7090.931051 	0.205119 
7091.406390 	0.204497 
7091.751745 	0.204449 
7092.139778 	0.204159 
7092.527856 	0.203968 
7092.717646 	0.204034 
7092.907447 	0.204101 
7093.299878 	0.203514 
7093.675289 	0.203497 
7094.029408 	0.203444 
7094.375030 	0.203655 
7094.844448 	0.202813 
7095.305395 	0.202507 
7095.625534 	0.202314 
7095.967048 	0.202148 
7096.351293 	0.202105 
7096.744121 	0.202731 
7097.128453 	0.201746 
7097.521371 	0.202021 
7097.897248 	0.201362 
7098.251806 	0.201437 
7098.602129 	0.201387 
7098.926850 	0.201212 
7099.225963 	0.201004 
7099.533650 	0.201469 
7099.854186 	0.201037 
7100.187576 	0.201062 
7100.563747 	0.201070 
7100.961337 	0.201494 
7101.341870 	0.201194 
7101.735274 	0.201627 
7102.115893 	0.201219 
7102.475168 	0.201859 
7102.825925 	0.202017 
7103.151050 	0.202523 
7103.450534 	0.202291 
7103.758602 	0.203029 
7104.075257 	0.203329 
7104.404780 	0.203303 
7104.777137 	0.204201 
7105.170938 	0.205347 
7105.551940 	0.206155 
7105.945831 	0.207215 
7106.335485 	0.208546 
7106.695205 	0.210564 
7107.046396 	0.212656 
7107.380490 	0.215938 
7107.688914 	0.220408 
7108.158028 	0.232182 
7108.644347 	0.253435 
7109.012882 	0.276884 
7109.411458 	0.303469 
7109.604334 	0.317137 
7109.797221 	0.331003 
7110.187315 	0.352830 
7110.577454 	0.368967 
7110.941909 	0.379799 
7111.293539 	0.388154 
7111.784594 	0.401507 
7112.241403 	0.420126 
7112.563136 	0.435156 
7112.884899 	0.451783 
7113.245310 	0.468101 
7113.640090 	0.481360 
7114.026332 	0.493560 
7114.408325 	0.504651 
7114.803239 	0.514353 
7115.168146 	0.526591 
7115.524504 	0.540240 
7115.868018 	0.555071 
7116.177209 	0.570693 
7116.477839 	0.587831 
7116.795676 	0.605641 
7117.113543 	0.623229 
7117.465809 	0.640614 
7117.861076 	0.658840 
7118.252093 	0.678037 
7118.638857 	0.695229 
7119.034260 	0.714857 
7119.412515 	0.734687 
7119.769317 	0.755287 
7120.117557 	0.775657 
7120.435733 	0.796167 
7120.736738 	0.818107 
7121.054971 	0.837300 
7121.377536 	0.857732 
7121.721638 	0.876256 
7122.117399 	0.894099 
7122.508902 	0.910881 
7122.891845 	0.928511 
7123.287741 	0.945216 
7123.666467 	0.962011 
7124.023713 	0.979171 
7124.372387 	0.995752 
7124.695264 	1.012661 
7124.992339 	1.028490 
7125.465989 	1.051592 
7125.965546 	1.074010 
7126.353183 	1.088543 
7126.745172 	1.103083 
7126.936876 	1.109417 
7127.128590 	1.115797 
7127.529285 	1.127140 
7127.908481 	1.136510 
7128.266171 	1.143910 
7128.619587 	1.149424 
7129.098051 	1.151948 
7129.559335 	1.149510 
7129.882703 	1.145845 
7130.219038 	1.138589 
7130.598532 	1.131737 
7130.999634 	1.121771 
7131.387842 	1.112232 
7131.789037 	1.102332 
7132.177334 	1.090400 
7132.539785 	1.081464 
7132.897959 	1.071655 
7133.230274 	1.062710 
7133.532407 	1.055186 
7133.843200 	1.049277 
7134.162655 	1.043376 
7134.490775 	1.039225 
7134.870743 	1.035093 
7135.268028 	1.031964 
7135.652401 	1.029307 
7136.049776 	1.026079 
7136.438557 	1.024028 
7136.805780 	1.021388 
7137.160079 	1.019555 
7137.497129 	1.017818 
7137.803960 	1.015973 
7138.110819 	1.014417 
7138.430672 	1.012839 
7138.754878 	1.012081 
7139.122349 	1.011343 
7139.520127 	1.010770 
7139.909302 	1.010900 
7140.302846 	1.010458 
7140.696436 	1.010733 
7141.064115 	1.010454 
7141.418854 	1.011359 
7141.764977 	1.012383 
7142.076518 	1.013912 
7142.541718 	1.016624 
7143.028622 	1.020384 
7143.392223 	1.021856 
7143.794826 	1.024489 
7143.991815 	1.025584 
7144.188816 	1.026679 
7144.582852 	1.029399 
7144.981263 	1.032507 
7145.349402 	1.034690 
7145.708917 	1.037516 
7146.055473 	1.038727 
7146.521213 	1.042023 
7146.991350 	1.044271 
7147.316367 	1.044761 
7147.671753 	1.045472 
7148.066189 	1.045867 
7148.460671 	1.045788 
7148.846526 	1.045777 
7149.249769 	1.044938 
7149.438399 	1.043880 
7149.804848 	1.042431 
7150.333991 	1.039651 
7150.654987 	1.037897 
7150.958659 	1.034312 
7151.275374 	1.032506 
7151.600797 	1.029663 
7151.943609 	1.026130 
7152.334196 	1.023367 
7152.729168 	1.020459 
7153.119844 	1.016694 
7153.523589 	1.013684 
7153.905672 	1.010288 
7154.266084 	1.006866 
7154.617848 	1.003714 
7154.943588 	1.000699 
7155.251983 	0.997571 
7155.569094 	0.993923 
7155.894924 	0.990494 
7156.238165 	0.987532 
7156.629240 	0.983358 
7157.029053 	0.979980 
7157.415872 	0.976613 
7157.815775 	0.972927 
7158.202683 	0.969917 
7158.563546 	0.966164 
7158.920099 	0.963299 
7159.254944 	0.959796 
7159.555028 	0.956792 
7160.033477 	0.951500 
7160.529394 	0.946333 
7160.912256 	0.942979 
7161.114582 	0.941213 
7161.316919 	0.939449 
7161.704220 	0.935981 
7162.104623 	0.932620 
7162.492014 	0.930442 
7162.857681 	0.925956 
7163.214679 	0.923617 
7163.554297 	0.920508 
7164.013706 	0.917598 
7164.490598 	0.913682 
7164.821630 	0.912235 
7165.594163 	0.910290 
7167.142363 	0.908855 
7168.825285 	0.912000 
7170.697521 	0.919130 
7172.650815 	0.929997 
7174.610168 	0.942328 
7176.468069 	0.954218 
7178.151181 	0.965664 
7180.262281 	0.978523 
7182.130090 	0.990754 
7184.035851 	1.000102 
7185.957273 	1.007757 
7187.764147 	1.012460 
7189.620958 	1.014586 
7191.514911 	1.014253 
7193.459241 	1.011016 
7195.326294 	1.004441 
7197.418903 	0.994271 
7199.147458 	0.982431 
7200.967553 	0.968833 
7203.001183 	0.954162 
7204.933181 	0.940263 
7206.861262 	0.929219 
7208.540721 	0.919550 
7210.461101 	0.912308 
7212.388582 	0.906968 
7214.417296 	0.904454 
7216.428922 	0.903448 
7218.191324 	0.903588 
7220.114699 	0.903273 
7221.992493 	0.902849 
7223.936291 	0.902258 
7225.844676 	0.901186 
7227.916764 	0.899977 
7229.736940 	0.898561 
7231.505670 	0.898330 
7233.612686 	0.899748 
7235.508167 	0.903605 
7237.463102 	0.908696 
7239.360535 	0.914831 
7241.476027 	0.920632 
7243.796497 	0.925646 
7246.622941 	0.927880 
7249.097235 	0.926387 
7251.734081 	0.921431 
7254.284801 	0.912489 
7257.031017 	0.900107 
7259.862540 	0.885361 
7262.343049 	0.871704 
7265.011066 	0.859804 
7267.554847 	0.851692 
7270.140251 	0.846931 
7272.771221 	0.845631 
7275.475883 	0.846421 
7278.339356 	0.847278 
7280.872908 	0.846891 
7283.490714 	0.845049 
7286.114989 	0.842080 
7288.651594 	0.839993 
7291.525541 	0.838788 
7294.041496 	0.839163 
7296.718550 	0.840319 
7299.504594 	0.842096 
7302.066439 	0.843646 
7304.766843 	0.845052 
7307.286501 	0.846088 
7310.162530 	0.847156 
7312.734107 	0.846909 
7315.357599 	0.845411 
7318.233734 	0.840953 
7320.765663 	0.834270 
7323.488933 	0.825207 
7326.029206 	0.814477 
7328.885126 	0.802740 
7331.753643 	0.792342 
7334.296613 	0.784216 
7337.024472 	0.777477 
7339.563393 	0.772447 
7342.450427 	0.767735 
7345.100143 	0.764255 
7347.887076 	0.761520 
7351.327118 	0.760062 
7354.556827 	0.759624 
7357.728234 	0.759347 
7361.154307 	0.758983 
7364.599071 	0.758246 
7368.001531 	0.757117 
7371.391340 	0.755323 
7374.835274 	0.752477 
7378.292326 	0.749281 
7381.503835 	0.746026 
7384.738220 	0.743491 
7388.207504 	0.740420 
7391.645060 	0.737076 
7395.056994 	0.733518 
7398.504796 	0.729483 
7401.990120 	0.725327 
7405.240071 	0.720672 
7408.478590 	0.716034 
7411.967968 	0.711057 
7415.455042 	0.705997 
7418.888284 	0.701023 
7422.342018 	0.695378 
7425.847057 	0.689573 
7429.338312 	0.684503 
7432.570877 	0.679816 
7435.873024 	0.675210 
7439.578029 	0.670663 
7443.076378 	0.666692 
7446.325628 	0.663889 
7449.842679 	0.661008 
7453.378418 	0.658954 
7456.855058 	0.656975 
7460.342962 	0.654643 
7463.874827 	0.652338 
7467.418604 	0.649437 
7470.696685 	0.646900 
7474.016725 	0.644064 
7477.577909 	0.640902 
7481.108202 	0.637704 
7484.598497 	0.633947 
7488.539303 	0.629321 
7492.666792 	0.624463 
7496.812492 	0.619504 
7501.168991 	0.614123 
7505.333182 	0.608741 
7509.272870 	0.603863 
7513.225024 	0.598813 
7517.386794 	0.593826 
7521.539330 	0.588928 
7525.730222 	0.584305 
7529.919593 	0.579561 
7534.077055 	0.575086 
7538.264058 	0.571087 
7542.232910 	0.567678 
7546.218227 	0.564648 
7550.433677 	0.561722 
7554.845790 	0.558477 
7559.063542 	0.555499 
7563.068789 	0.552410 
7567.281517 	0.548728 
7571.485256 	0.544927 
7575.496340 	0.540520 
7579.748185 	0.535841 
7584.190996 	0.530404 
7588.437929 	0.525207 
7592.488294 	0.520542 
7596.514614 	0.515955 
7600.747395 	0.511561 
7604.997617 	0.507203 
7609.286153 	0.503119 
7613.562542 	0.499086 
7617.843465 	0.494811 
7622.144014 	0.490893 
7626.201514 	0.487111 
7630.480391 	0.482960 
7634.778253 	0.478543 
7639.094433 	0.474299 
7643.403398 	0.470180 
7647.730006 	0.466119 
7652.253998 	0.461939 
7656.763537 	0.457612 
7661.501818 	0.452968 
7666.451065 	0.448402 
7671.189418 	0.444204 
7675.958551 	0.440123 
7680.928425 	0.435815 
7685.686823 	0.431747 
7690.490396 	0.427804 
7695.482727 	0.423693 
7700.261316 	0.419853 
7705.075948 	0.416196 
7710.084952 	0.412009 
7714.880686 	0.407974 
7719.715925 	0.403877 
7724.737021 	0.399479 
7729.768706 	0.394858 
7734.607622 	0.389879 
7739.440457 	0.384872 
7744.495407 	0.379673 
7749.566166 	0.374842 
7754.416856 	0.370205 
7759.279868 	0.365569 
7764.360395 	0.360945 
7769.444375 	0.356335 
7774.339816 	0.352302 
7779.210604 	0.348206 
7784.309557 	0.343756 
7789.220519 	0.339788 
7794.121428 	0.335822 
7799.240629 	0.331200 
7804.171617 	0.326514 
7809.094105 	0.321800 
7814.228461 	0.316849 
7819.174606 	0.312587 
7824.115941 	0.308608 
7829.274680 	0.304295 
7834.237848 	0.300093 
7839.204664 	0.295709 
7844.393643 	0.291134 
7849.601574 	0.287026 
7855.026811 	0.282333 
7860.683062 	0.277198 
7866.120797 	0.272174 
7871.569980 	0.267162 
7877.254160 	0.262092 
7882.931718 	0.257313 
7888.613649 	0.252607 
7894.321671 	0.248271 
7900.018950 	0.243814 
7905.535055 	0.239752 
7911.034915 	0.235701 
7916.766639 	0.231845 
7922.300137 	0.227670 
7927.824756 	0.223220 
7933.590762 	0.218521 
7939.153224 	0.214141 
7944.707491 	0.209610 
7950.504311 	0.204743 
7956.304879 	0.200042 
7961.866215 	0.195391 
7967.481245 	0.191102 
7973.296147 	0.186753 
7979.123590 	0.182090 
7984.965710 	0.177206 
7990.795665 	0.172243 
7996.440800 	0.167774 
8002.068614 	0.163282 
8007.932836 	0.158359 
8013.820730 	0.153472 
8019.701486 	0.148596 
8025.382350 	0.143650 
8031.069901 	0.138509 
8036.982357 	0.133582 
8042.694315 	0.128971 
8048.406985 	0.124596 
8054.350100 	0.119941 
8060.084939 	0.115220 
8065.814221 	0.110547 
8071.783479 	0.105503 
8077.762721 	0.100428 
8083.968256 	0.095639 
8090.419025 	0.090596 
8096.643754 	0.085763 
8102.874667 	0.081137 
8109.142766 	0.076333 
8115.398135 	0.071720 
8121.686432 	0.066907 
8127.967662 	0.061935 
8134.493945 	0.056406 
8140.790208 	0.051106 
8147.084413 	0.045683 
8153.648917 	0.040150 
8159.985588 	0.035078 
8166.337382 	0.030337 
8172.695232 	0.025809 
8179.064998 	0.021682 
8185.449298 	0.017268 
8191.830300 	0.012821 
8198.453360 	0.007733 
8205.094886 	0.002481 
8211.513802 	-0.002533 
8217.956560 	-0.007208 
8224.383823 	-0.012061 
8230.843276 	-0.017036 
8237.294599 	-0.021852 
8243.758817 	-0.026839 
8250.467501 	-0.031810 
8257.179515 	-0.037124 
8263.692125 	-0.041806 
8269.965645 	-0.046159 
8276.483026 	-0.051115 
8283.029873 	-0.056441 
8289.572380 	-0.061423 
8296.378381 	-0.066216 
8303.167616 	-0.071035 
8309.735824 	-0.075896 
8316.319990 	-0.080992 
8322.923986 	-0.086094 
8329.545952 	-0.090884 
8336.419337 	-0.095858 
8343.288636 	-0.100827 
8350.171738 	-0.106041 
8357.285975 	-0.111486 
8364.452314 	-0.116791 
8371.382170 	-0.121344 
8378.335472 	-0.126112 
8385.288180 	-0.130928 
8392.475611 	-0.136178 
8399.690640 	-0.141104 
8406.664738 	-0.145986 
8413.687646 	-0.150767 
8420.703083 	-0.155881 
8427.729265 	-0.161035 
8435.003534 	-0.166467 
8442.274016 	-0.172303 
8449.347375 	-0.177921 
8456.414527 	-0.183275 
8463.505711 	-0.188432 
8470.856019 	-0.193390 
8478.189385 	-0.198409 
8485.303196 	-0.202940 
8492.415146 	-0.208065 
8499.842336 	-0.213179 
8507.244905 	-0.218420 
8514.401425 	-0.223511 
8521.804069 	-0.228662 
8529.220648 	-0.233595 
8536.439848 	-0.238866 
8543.659535 	-0.243996 
8550.912875 	-0.248967 
8558.148783 	-0.253708 
8565.637132 	-0.259049 
8573.154480 	-0.264324 
8580.430063 	-0.269281 
8587.745506 	-0.274031 
8595.053836 	-0.278887 
8602.652634 	-0.284082 
