6786.601826 	0.481193 
6792.212903 	0.474922 
6797.917718 	0.468451 
6803.718170 	0.461990 
6809.600548 	0.455130 
6815.279178 	0.449077 
6821.035791 	0.442783 
6826.900094 	0.436015 
6832.826468 	0.429479 
6838.715371 	0.423253 
6844.508068 	0.416652 
6850.281750 	0.410076 
6856.229765 	0.403994 
6862.185465 	0.397454 
6867.993882 	0.391267 
6873.829075 	0.385068 
6879.794748 	0.378464 
6885.667420 	0.372370 
6891.485680 	0.366020 
6897.535356 	0.359555 
6903.521796 	0.353381 
6909.443265 	0.347123 
6915.298277 	0.340906 
6921.411493 	0.334719 
6927.465335 	0.328176 
6933.456140 	0.321903 
6939.380350 	0.315825 
6945.371003 	0.309579 
6951.469134 	0.303026 
6957.630815 	0.296952 
6963.603011 	0.291066 
6969.622278 	0.284931 
6975.791748 	0.278409 
6981.834164 	0.272402 
6987.892867 	0.266034 
6994.111167 	0.259685 
7000.197208 	0.253500 
7006.255800 	0.247783 
7012.374884 	0.241634 
7018.444737 	0.235787 
7024.750629 	0.229539 
7030.993186 	0.223200 
7037.162306 	0.217301 
7043.261757 	0.211497 
7049.452695 	0.205282 
7055.739978 	0.199556 
7062.118718 	0.193550 
7068.277424 	0.187902 
7073.051250 	0.183579 
7074.721976 	0.181485 
7075.065640 	0.181206 
7075.434799 	0.181554 
7075.791266 	0.181346 
7076.152015 	0.180787 
7076.517047 	0.180649 
7076.860893 	0.179466 
7077.349128 	0.179437 
7077.807709 	0.179048 
7078.083736 	0.179403 
7078.372527 	0.178291 
7078.669838 	0.178699 
7078.975670 	0.178223 
7079.319765 	0.176695 
7079.689386 	0.178435 
7080.050550 	0.176279 
7080.416001 	0.177043 
7080.781492 	0.176359 
7081.287295 	0.176078 
7081.776167 	0.176158 
7082.069524 	0.175182 
7082.345898 	0.174353 
7082.635052 	0.175396 
7083.081587 	0.174461 
7083.579225 	0.172764 
7083.949310 	0.172981 
7084.302418 	0.173478 
7084.668327 	0.172633 
7084.849169 	0.171742 
7085.202370 	0.171438 
7085.702447 	0.172502 
7086.025939 	0.171546 
7086.319663 	0.171742 
7086.596383 	0.172175 
7086.885899 	0.172175 
7087.330864 	0.170420 
7087.831254 	0.170157 
7088.197543 	0.169771 
7088.555352 	0.170271 
7088.917459 	0.169771 
7089.283866 	0.168347 
7089.624744 	0.168410 
7089.957133 	0.168538 
7090.281031 	0.169359 
7090.579386 	0.168127 
7090.856452 	0.167590 
7091.293411 	0.168078 
7091.747481 	0.167054 
7092.097135 	0.167054 
7092.463884 	0.166770 
7092.822142 	0.167117 
7093.188969 	0.166456 
7093.555836 	0.167337 
7093.897143 	0.165923 
7094.229950 	0.166048 
7094.554255 	0.165701 
7094.848716 	0.165701 
7095.126130 	0.165764 
7095.559369 	0.164414 
7096.009740 	0.163883 
7096.355562 	0.164513 
7096.727040 	0.164822 
7097.085747 	0.163945 
7097.448763 	0.163883 
7097.816089 	0.164044 
7098.157823 	0.163292 
7098.491047 	0.164167 
7098.815758 	0.161320 
7099.110588 	0.163859 
7099.531513 	0.163495 
7099.969587 	0.162417 
7100.273066 	0.163798 
7100.619322 	0.163169 
7100.986990 	0.163169 
7101.346146 	0.163108 
7101.713892 	0.163514 
7102.085955 	0.162763 
7102.432395 	0.164549 
7102.761760 	0.163047 
7103.091156 	0.163675 
7103.386356 	0.161950 
7103.814228 	0.164143 
7104.254993 	0.164488 
7104.563134 	0.165239 
7104.909825 	0.166459 
7105.277957 	0.166397 
7105.637565 	0.166616 
7106.001493 	0.168433 
7106.374024 	0.168025 
7106.720900 	0.171291 
7107.050679 	0.171764 
7107.371923 	0.175666 
7107.808864 	0.182735 
7108.233007 	0.194525 
7108.528653 	0.208355 
7108.837180 	0.223919 
7109.184307 	0.244740 
7109.552899 	0.261539 
7109.912959 	0.275471 
7110.277343 	0.285503 
7110.646054 	0.294819 
7110.993365 	0.301936 
7111.323557 	0.309498 
7111.645204 	0.315912 
7112.084837 	0.327902 
7112.511656 	0.338335 
7112.807673 	0.349513 
7113.116588 	0.361163 
7113.459859 	0.373098 
7113.833205 	0.388382 
7114.193717 	0.403745 
7114.558558 	0.419839 
7114.932025 	0.434038 
7115.279772 	0.449432 
7115.614673 	0.461975 
7116.089173 	0.483315 
7116.516493 	0.503170 
7116.808562 	0.515306 
7117.100656 	0.527126 
7117.409959 	0.536883 
7117.753662 	0.545511 
7118.123182 	0.554642 
7118.484146 	0.562808 
7118.849446 	0.569461 
7119.219084 	0.572691 
7119.567268 	0.579007 
7120.061664 	0.585207 
7120.526032 	0.589855 
7120.805542 	0.594987 
7121.093677 	0.597837 
7121.386138 	0.599215 
7121.863590 	0.604872 
7122.405644 	0.609075 
7122.767061 	0.612839 
7122.949936 	0.614633 
7123.132820 	0.616429 
7123.677227 	0.622451 
7124.187284 	0.629905 
7124.514449 	0.632034 
7124.815813 	0.636373 
7125.095675 	0.639846 
7125.384172 	0.644802 
7125.836343 	0.649938 
7126.335954 	0.655047 
7126.710710 	0.658044 
7127.072582 	0.662439 
7127.438801 	0.665092 
7127.813678 	0.668124 
7128.167048 	0.669842 
7128.498904 	0.670852 
7128.826482 	0.673542 
7129.132537 	0.674237 
7129.412752 	0.674237 
7129.850365 	0.676294 
7130.305283 	0.674905 
7130.650284 	0.674250 
7131.021200 	0.678027 
7131.383529 	0.675624 
7131.750209 	0.676629 
7132.121244 	0.677312 
7132.470744 	0.677670 
7132.803018 	0.678699 
7133.131008 	0.676965 
7133.433132 	0.679335 
7133.713699 	0.678609 
7134.154021 	0.677885 
7134.607352 	0.677541 
7134.948469 	0.676887 
7135.324169 	0.674520 
7135.686953 	0.674943 
7136.054095 	0.675314 
7136.425597 	0.672931 
7136.779857 	0.671921 
7137.112549 	0.671273 
7137.445273 	0.670628 
7137.747778 	0.670958 
7138.177812 	0.668943 
7138.620869 	0.667260 
7138.932124 	0.668623 
7139.277996 	0.668295 
7139.649847 	0.667640 
7140.013090 	0.667984 
7140.380696 	0.668312 
7140.756992 	0.666552 
7141.107374 	0.668159 
7141.444812 	0.667760 
7141.773631 	0.667065 
7142.076518 	0.667011 
7142.502768 	0.668142 
7142.950713 	0.668244 
7143.253704 	0.669017 
7143.600012 	0.668673 
7143.972332 	0.667348 
7144.331703 	0.668019 
7144.699772 	0.669377 
7145.072212 	0.668723 
7145.427366 	0.668723 
7145.760898 	0.669066 
7146.090131 	0.668739 
7146.538544 	0.668576 
7146.969683 	0.668396 
7147.268695 	0.667726 
7147.576402 	0.667093 
7147.918812 	0.667418 
7148.291602 	0.666768 
7148.660096 	0.667418 
7149.024294 	0.665433 
7149.401540 	0.665433 
7149.757142 	0.666119 
7150.095433 	0.663475 
7150.425082 	0.663113 
7150.878400 	0.661291 
7151.310084 	0.660501 
7151.613814 	0.660545 
7151.921911 	0.656560 
7152.264755 	0.656560 
7152.642357 	0.654216 
7153.006977 	0.652927 
7153.375978 	0.652270 
7153.749360 	0.649989 
7154.105414 	0.648369 
7154.439790 	0.646720 
7154.926214 	0.643666 
7155.360579 	0.641170 
7155.651635 	0.639296 
7155.951404 	0.637052 
7156.255545 	0.635458 
7156.598822 	0.632623 
7156.972555 	0.631941 
7157.337635 	0.629078 
7157.707101 	0.628054 
7158.080955 	0.625202 
7158.437457 	0.622747 
7158.772256 	0.622065 
7159.261468 	0.619599 
7159.698556 	0.615630 
7159.985629 	0.614470 
7160.285777 	0.613550 
7160.594652 	0.612004 
7160.938362 	0.611142 
7161.316919 	0.610407 
7161.682461 	0.608921 
7162.052394 	0.606306 
7162.431073 	0.605738 
7162.788027 	0.604265 
7163.295227 	0.604461 
7163.772019 	0.603243 
7164.055077 	0.602961 
7164.346870 	0.602843 
7164.651754 	0.602279 
7165.495771 	0.602735 
7167.127543 	0.604127 
7168.865552 	0.608286 
7170.768208 	0.612890 
7172.614434 	0.617986 
7174.401369 	0.623588 
7176.364486 	0.628113 
7178.258899 	0.631790 
7180.234132 	0.633562 
7181.976431 	0.634194 
7183.886925 	0.633325 
7185.894455 	0.630596 
7187.910170 	0.628168 
7189.827901 	0.626398 
7191.573734 	0.624213 
7193.558653 	0.622184 
7195.460332 	0.619554 
7197.425059 	0.616459 
7199.235302 	0.611865 
7201.102250 	0.608597 
7203.021737 	0.603300 
7204.772777 	0.598155 
7206.762348 	0.593120 
7208.672037 	0.587809 
7210.646488 	0.583384 
7212.460716 	0.579125 
7214.328035 	0.575193 
7216.253541 	0.571759 
7218.188375 	0.568554 
7220.184338 	0.566504 
7221.923260 	0.564091 
7223.907932 	0.563208 
7225.885105 	0.561690 
7227.972660 	0.561782 
7229.845240 	0.561309 
7231.652217 	0.561813 
7233.638606 	0.561251 
7235.388132 	0.561178 
7237.398305 	0.561512 
7239.357567 	0.561344 
7241.478254 	0.561702 
7243.814880 	0.561437 
7246.628596 	0.560298 
7249.108074 	0.558661 
7251.768139 	0.556282 
7254.287994 	0.553281 
7256.872775 	0.550373 
7259.672992 	0.546738 
7262.168966 	0.543326 
7264.852542 	0.539635 
7267.539143 	0.536484 
7270.314812 	0.532791 
7272.954821 	0.529993 
7275.478131 	0.526838 
7278.328747 	0.522708 
7280.839450 	0.519165 
7283.489265 	0.514373 
7286.095657 	0.510299 
7288.663040 	0.505869 
7291.513682 	0.501191 
7294.016416 	0.497608 
7296.709502 	0.494329 
7299.278848 	0.491763 
7302.064569 	0.489216 
7304.919086 	0.487537 
7307.433991 	0.485604 
7310.306734 	0.484026 
7312.886371 	0.482584 
7315.509976 	0.481047 
7318.177808 	0.479584 
7320.722061 	0.477091 
7323.615366 	0.474924 
7326.166077 	0.472402 
7328.848028 	0.469660 
7331.476861 	0.466516 
7334.070747 	0.463724 
7336.970454 	0.460466 
7339.512361 	0.457927 
7342.398926 	0.455110 
7345.207611 	0.452361 
7347.993172 	0.449766 
7351.242365 	0.446937 
7354.391832 	0.443566 
7357.717135 	0.439841 
7361.278260 	0.436169 
7364.695931 	0.432485 
7367.832766 	0.429257 
7371.190582 	0.425048 
7374.782387 	0.421248 
7378.200239 	0.416899 
7381.335135 	0.413395 
7384.723273 	0.409134 
7388.329723 	0.405811 
7391.731300 	0.402003 
7394.881771 	0.398537 
7398.311865 	0.395085 
7401.934446 	0.391619 
7405.316597 	0.388912 
7408.686756 	0.386023 
7412.125335 	0.383126 
7415.576327 	0.379902 
7418.941882 	0.377059 
7422.338111 	0.374139 
7425.964993 	0.370894 
7429.410855 	0.367598 
7432.580149 	0.364237 
7436.024858 	0.360666 
7439.675536 	0.357428 
7443.110627 	0.354251 
7446.308324 	0.351416 
7449.784891 	0.348304 
7453.451028 	0.344801 
7456.873464 	0.342039 
7460.108189 	0.338913 
7463.612109 	0.334847 
7467.281469 	0.331671 
7470.698203 	0.328193 
7474.157709 	0.325099 
7477.680525 	0.321682 
7481.164325 	0.318519 
7484.784840 	0.314734 
7488.636106 	0.311033 
7492.695910 	0.306739 
7496.935442 	0.302989 
7501.182930 	0.298591 
7505.242472 	0.294853 
7509.299153 	0.290836 
7513.352954 	0.287164 
7517.437989 	0.283729 
7521.553042 	0.280107 
7525.664876 	0.276222 
7529.946721 	0.272699 
7534.065494 	0.269551 
7537.947868 	0.266290 
7542.039109 	0.262629 
7546.349383 	0.258723 
7550.650049 	0.254442 
7554.775055 	0.250884 
7558.909163 	0.247321 
7563.028910 	0.243602 
7567.133355 	0.239596 
7571.253966 	0.235889 
7575.593421 	0.232084 
7579.920452 	0.228331 
7584.077353 	0.224654 
7588.251474 	0.221063 
7592.395074 	0.217892 
7596.529951 	0.214012 
7600.695016 	0.211035 
7605.065162 	0.206888 
7609.426158 	0.202909 
7613.627010 	0.198876 
7617.829522 	0.195155 
7622.004874 	0.191593 
7626.180462 	0.187799 
7630.377492 	0.184130 
7634.579310 	0.180501 
7638.986957 	0.176492 
7643.404938 	0.172855 
7647.625264 	0.169094 
7652.008888 	0.165950 
7656.804341 	0.161628 
7661.607789 	0.157576 
7666.412342 	0.153088 
7671.240450 	0.149147 
7676.065453 	0.145527 
7680.895712 	0.141667 
7685.553897 	0.138178 
7690.408048 	0.134293 
7695.459052 	0.130549 
7700.315663 	0.126724 
7705.187328 	0.122765 
7710.055786 	0.119093 
7714.950477 	0.114948 
7719.823570 	0.110894 
7724.724388 	0.106621 
7729.624655 	0.102471 
7734.520431 	0.098398 
7739.631229 	0.094380 
7744.550867 	0.090077 
7749.464101 	0.086151 
7754.408534 	0.081827 
7759.337887 	0.078072 
7764.473193 	0.073871 
7769.442227 	0.069669 
7774.379872 	0.065667 
7779.344947 	0.061444 
7784.310751 	0.057059 
7789.283316 	0.052821 
7794.257137 	0.048542 
7799.254481 	0.044266 
7804.235852 	0.040197 
7809.229952 	0.036214 
7814.238624 	0.032408 
7819.228805 	0.028540 
7824.254274 	0.024582 
7829.271626 	0.020914 
7834.299333 	0.017159 
7839.339410 	0.013828 
7844.403045 	0.009402 
7849.665655 	0.005447 
7854.955441 	0.001420 
7860.453874 	-0.002672 
7866.155919 	-0.006912 
7871.868412 	-0.011333 
7877.358989 	-0.015844 
7882.874208 	-0.019896 
7888.597022 	-0.024436 
7894.319681 	-0.028982 
7899.871235 	-0.032742 
7905.403861 	-0.037004 
7911.158253 	-0.040849 
7916.741500 	-0.044760 
7922.307866 	-0.048210 
7927.908247 	-0.052084 
7933.517289 	-0.055889 
7939.332157 	-0.060076 
7944.957413 	-0.063770 
7950.580248 	-0.067536 
7956.198284 	-0.071662 
7961.850856 	-0.075414 
7967.698644 	-0.079650 
7973.348008 	-0.083754 
7979.015584 	-0.087592 
7984.878545 	-0.091894 
7990.556198 	-0.096014 
7996.235042 	-0.099975 
8002.124174 	-0.104265 
8008.040687 	-0.108423 
8013.740853 	-0.112239 
8019.446501 	-0.115940 
8025.389107 	-0.119498 
8031.127211 	-0.123035 
8036.874854 	-0.126944 
8042.629171 	-0.129893 
8048.386669 	-0.133698 
8054.380391 	-0.137632 
8060.139755 	-0.141807 
8065.928154 	-0.145737 
8071.709268 	-0.149430 
8077.725745 	-0.153412 
8083.968256 	-0.157693 
8090.198799 	-0.161922 
8096.649280 	-0.165960 
8102.905583 	-0.169993 
8109.163987 	-0.173778 
8115.466609 	-0.177377 
8121.759711 	-0.181444 
8128.064640 	-0.185146 
8134.386043 	-0.189120 
8140.909073 	-0.193418 
8147.246017 	-0.197333 
8153.562397 	-0.201402 
8159.929811 	-0.205702 
8166.295955 	-0.209725 
8172.678099 	-0.213700 
8179.087402 	-0.217488 
8185.472447 	-0.220966 
8191.898769 	-0.224624 
8198.525371 	-0.229258 
8204.949035 	-0.233492 
8211.392712 	-0.237694 
8217.847437 	-0.241358 
8224.317598 	-0.244949 
8230.784805 	-0.248559 
8237.268208 	-0.252299 
8243.756737 	-0.255831 
8250.243808 	-0.259280 
8256.969277 	-0.262727 
8263.488449 	-0.266474 
8270.016785 	-0.270491 
8276.574885 	-0.274509 
8283.125279 	-0.278519 
8289.697782 	-0.282902 
8296.275082 	-0.287078 
8303.079314 	-0.291108 
8309.679446 	-0.295094 
8316.270795 	-0.298949 
8322.915043 	-0.303340 
8329.545187 	-0.307503 
8336.190306 	-0.311672 
8343.091090 	-0.315841 
8350.196200 	-0.319790 
8357.315854 	-0.324059 
8364.444169 	-0.328393 
8371.387752 	-0.332410 
8378.338798 	-0.337156 
8385.288869 	-0.341798 
8392.257669 	-0.346119 
8399.426073 	-0.350846 
8406.646257 	-0.354765 
8413.649638 	-0.358729 
8420.676803 	-0.362995 
8427.706713 	-0.367014 
8434.965421 	-0.371588 
8442.236703 	-0.375895 
8449.278398 	-0.380448 
