6786.550863 	0.729639 
6792.366267 	0.722350 
6798.065731 	0.715286 
6803.758163 	0.708159 
6809.470844 	0.700825 
6815.374184 	0.693560 
6821.270556 	0.686198 
6827.046924 	0.679048 
6832.793770 	0.671799 
6838.618253 	0.664691 
6844.383621 	0.657483 
6850.244554 	0.650341 
6856.204564 	0.642950 
6862.091543 	0.635852 
6867.901497 	0.628691 
6873.803965 	0.621717 
6879.642668 	0.614676 
6885.556129 	0.607497 
6891.426092 	0.600501 
6897.520065 	0.593222 
6903.583429 	0.585830 
6909.524195 	0.578897 
6915.444687 	0.571761 
6921.393243 	0.564688 
6927.347468 	0.557778 
6933.304001 	0.550753 
6939.293573 	0.543603 
6945.430078 	0.536584 
6951.610871 	0.529531 
6957.589169 	0.522616 
6963.631600 	0.515551 
6969.625168 	0.508630 
6975.709766 	0.501845 
6981.732389 	0.494709 
6987.855632 	0.487982 
6994.084472 	0.480797 
7000.222300 	0.473857 
7006.305118 	0.467001 
7012.469480 	0.460205 
7018.589873 	0.453175 
7024.767350 	0.446449 
7030.915696 	0.439716 
7037.105359 	0.432845 
7043.293528 	0.426116 
7049.501037 	0.419594 
7055.718064 	0.412934 
7061.928910 	0.406333 
7068.174746 	0.399881 
7072.993344 	0.394986 
7074.764402 	0.393057 
7075.078369 	0.392584 
7075.570591 	0.392399 
7075.933439 	0.391815 
7076.126549 	0.391834 
7076.525537 	0.391173 
7076.916081 	0.390666 
7077.315162 	0.390671 
7077.697304 	0.390201 
7078.058256 	0.389761 
7078.414998 	0.388910 
7078.746293 	0.389081 
7079.047885 	0.388443 
7079.366496 	0.388703 
7079.689386 	0.388079 
7080.033553 	0.387900 
7080.424501 	0.387392 
7080.819744 	0.386924 
7081.202281 	0.387153 
7081.601865 	0.386468 
7081.984490 	0.386313 
7082.341646 	0.385726 
7082.698839 	0.385121 
7083.022046 	0.385073 
7083.328270 	0.384510 
7083.643030 	0.384581 
7083.970581 	0.384432 
7084.315182 	0.383397 
7084.710877 	0.383537 
7085.106619 	0.383133 
7085.498151 	0.382350 
7085.898241 	0.382491 
7086.277093 	0.381764 
7086.638958 	0.381208 
7086.992345 	0.381541 
7087.315960 	0.381044 
7087.622572 	0.380917 
7087.941988 	0.379960 
7088.265694 	0.380279 
7088.623511 	0.379970 
7089.023969 	0.379539 
7089.415952 	0.379651 
7089.807980 	0.378618 
7090.208578 	0.378819 
7090.583648 	0.378228 
7090.945971 	0.378209 
7091.295543 	0.377461 
7091.611041 	0.377223 
7091.918040 	0.377210 
7092.237860 	0.376799 
7092.561975 	0.376167 
7092.920243 	0.376294 
7093.321207 	0.376144 
7093.713686 	0.375629 
7094.101943 	0.375017 
7094.503046 	0.375519 
7094.874323 	0.374970 
7095.237103 	0.374388 
7095.587115 	0.374619 
7095.898742 	0.374255 
7096.206128 	0.373760 
7096.530622 	0.373536 
7096.859416 	0.373225 
7097.226678 	0.373427 
7097.628150 	0.373151 
7098.021125 	0.372422 
7098.414146 	0.372485 
7098.815758 	0.372383 
7099.187505 	0.371861 
7099.550745 	0.371937 
7099.896927 	0.371570 
7100.208948 	0.371450 
7100.520999 	0.371611 
7100.845903 	0.371481 
7101.179390 	0.370982 
7101.551395 	0.370840 
7101.957653 	0.370600 
7102.346851 	0.370572 
7102.744649 	0.370045 
7103.138215 	0.370465 
7103.506155 	0.370563 
7103.869856 	0.370078 
7104.212197 	0.370443 
7104.520335 	0.369915 
7104.828499 	0.370091 
7105.153815 	0.370252 
7105.487724 	0.370252 
7105.864480 	0.370391 
7106.266971 	0.370539 
7106.652379 	0.371129 
7107.050679 	0.371204 
7107.444743 	0.371649 
7107.808864 	0.371712 
7108.173024 	0.372633 
7108.515798 	0.373571 
7108.828609 	0.375468 
7109.141450 	0.377053 
7109.467177 	0.380863 
7109.801508 	0.386747 
7110.187315 	0.393954 
7110.594604 	0.402724 
7110.984789 	0.410651 
7111.383596 	0.415009 
7111.778160 	0.417677 
7112.147033 	0.417270 
7112.507367 	0.414528 
7112.846286 	0.409508 
7113.159495 	0.403890 
7113.477023 	0.400152 
7113.803165 	0.398963 
7114.146505 	0.400029 
7114.537096 	0.402319 
7114.940611 	0.404772 
7115.331293 	0.408399 
7115.734902 	0.411691 
7116.121381 	0.415311 
7116.482134 	0.419361 
7116.842925 	0.424742 
7117.177979 	0.430865 
7117.482993 	0.438583 
7117.800924 	0.449270 
7118.127478 	0.461656 
7118.475551 	0.478235 
7118.866638 	0.500246 
7119.270665 	0.527895 
7119.657544 	0.561527 
7120.061664 	0.603331 
7120.448633 	0.650619 
7120.814143 	0.704589 
7121.175392 	0.765676 
7121.506570 	0.831747 
7121.816272 	0.901225 
7122.134607 	0.975319 
7122.465878 	1.052893 
7122.814393 	1.135824 
7123.214583 	1.221460 
7123.619124 	1.312811 
7124.010800 	1.408606 
7124.415435 	1.505919 
7124.798592 	1.605068 
7125.168874 	1.702623 
7125.526276 	1.795962 
7125.853570 	1.883403 
7126.163666 	1.963228 
7126.486713 	2.034235 
7126.814098 	2.098397 
7127.171673 	2.154975 
7127.576682 	2.203099 
7127.973121 	2.240238 
7128.365296 	2.271043 
7128.770447 	2.293013 
7129.149780 	2.304179 
7129.511911 	2.307311 
7129.869768 	2.305009 
7130.193165 	2.294780 
7130.499342 	2.282153 
7130.827111 	2.268195 
7131.154912 	2.254105 
7131.517255 	2.239200 
7131.922779 	2.226227 
7132.324036 	2.214775 
7132.721025 	2.204966 
7133.122376 	2.194114 
7133.502192 	2.184661 
7133.864783 	2.175374 
7134.223096 	2.164257 
7134.542587 	2.152740 
7134.853471 	2.140701 
7135.181657 	2.125774 
7135.514194 	2.108627 
7135.885637 	2.088326 
7136.291679 	2.066448 
7136.689128 	2.041099 
7137.090944 	2.013187 
7137.497129 	1.986423 
7137.873109 	1.957317 
7138.236163 	1.930086 
7138.586287 	1.901601 
7138.906185 	1.875486 
7139.217466 	1.849774 
7139.546071 	1.826014 
7139.883356 	1.802178 
7140.259597 	1.780721 
7140.666158 	1.760810 
7141.059789 	1.741408 
7141.457792 	1.723272 
7141.860167 	1.706138 
7142.232299 	1.691424 
7142.595815 	1.676778 
7142.942056 	1.662496 
7143.253704 	1.649847 
7143.569709 	1.638025 
7143.903060 	1.626914 
7144.240774 	1.615607 
7144.626155 	1.604769 
7145.033234 	1.594982 
7145.427366 	1.585490 
7145.830208 	1.576155 
7146.228765 	1.566530 
7146.601370 	1.558035 
7146.969683 	1.549198 
7147.312033 	1.540550 
7147.624077 	1.531940 
7147.944820 	1.522835 
7148.274262 	1.513888 
7148.616742 	1.504925 
7149.002614 	1.497328 
7149.414549 	1.489081 
7149.813522 	1.480352 
7150.216879 	1.472497 
7150.611607 	1.464564 
7150.980351 	1.458352 
7151.344795 	1.450603 
7151.687581 	1.442938 
7151.995684 	1.437314 
7152.312495 	1.431190 
7152.642357 	1.424535 
7152.985273 	1.419985 
7153.380319 	1.413867 
7153.788438 	1.409557 
7154.179234 	1.404896 
7154.583104 	1.400893 
7154.978335 	1.396902 
7155.343204 	1.393686 
7155.708111 	1.390924 
7156.051333 	1.387980 
7156.359828 	1.386357 
7156.681387 	1.384550 
7157.016015 	1.384238 
7157.363714 	1.382686 
7157.763611 	1.383120 
7158.167903 	1.383992 
7158.563546 	1.384303 
7158.976629 	1.386045 
7159.368016 	1.388103 
7159.737701 	1.390537 
7160.103075 	1.393415 
7160.433685 	1.397249 
7160.746924 	1.400520 
7161.073245 	1.404505 
7161.403949 	1.408315 
7161.756444 	1.413217 
7162.161206 	1.418653 
7162.570368 	1.423796 
7162.962164 	1.429690 
7163.371422 	1.434823 
7163.758955 	1.440444 
7164.124757 	1.447743 
7164.486242 	1.452902 
7164.817274 	1.459485 
7165.454745 	1.473407 
7166.941863 	1.500514 
7169.008742 	1.538582 
7170.748573 	1.573457 
7172.704661 	1.609190 
7174.606673 	1.632010 
7176.545867 	1.640124 
7178.311229 	1.643944 
7180.144000 	1.643616 
7182.204076 	1.638979 
7183.960073 	1.634851 
7185.920021 	1.631883 
7187.825099 	1.627509 
7189.774373 	1.621439 
7191.535981 	1.613489 
7193.398629 	1.604710 
7195.452275 	1.594183 
7197.227847 	1.583194 
7199.185440 	1.570941 
7201.096087 	1.555890 
7203.059027 	1.542088 
7204.818606 	1.528531 
7206.710468 	1.515260 
7208.753652 	1.501728 
7210.554456 	1.490444 
7212.502672 	1.481623 
7214.422598 	1.473584 
7216.398414 	1.468106 
7218.155050 	1.464455 
7220.074569 	1.462462 
7222.109999 	1.460754 
7223.932525 	1.459786 
7225.874232 	1.459615 
7227.803201 	1.458831 
7229.791978 	1.458705 
7231.546525 	1.458101 
7233.492124 	1.457714 
7235.521653 	1.457521 
7237.369021 	1.457715 
7239.301933 	1.457698 
7241.453018 	1.457913 
7243.958763 	1.458078 
7246.559864 	1.458089 
7249.168009 	1.458497 
7251.852128 	1.458821 
7254.385055 	1.459624 
7257.101953 	1.459940 
7259.686662 	1.459814 
7262.330249 	1.458932 
7265.002099 	1.456876 
7267.563821 	1.453370 
7270.295488 	1.449084 
7272.863661 	1.443597 
7275.546150 	1.437395 
7278.194049 	1.430472 
7280.794410 	1.423195 
7283.527417 	1.415507 
7286.087924 	1.407298 
7288.803784 	1.399640 
7291.424297 	1.392491 
7294.066146 	1.385328 
7296.794012 	1.378707 
7299.362935 	1.372600 
7302.103984 	1.366999 
7304.704652 	1.361947 
7307.389581 	1.357220 
7310.101866 	1.352963 
7312.693527 	1.349214 
7315.446945 	1.345074 
7318.037345 	1.341587 
7320.765663 	1.338013 
7323.453112 	1.334507 
7326.084605 	1.331139 
7328.848517 	1.327358 
7331.443571 	1.324081 
7334.387420 	1.319545 
7337.083532 	1.315578 
7339.544419 	1.311742 
7342.303838 	1.307630 
7344.911426 	1.303327 
7347.880382 	1.299256 
7351.149446 	1.294765 
7354.376310 	1.290258 
7357.697033 	1.286314 
7361.219329 	1.281433 
7364.474668 	1.277061 
7367.745053 	1.272447 
7371.275299 	1.266961 
7374.805464 	1.261601 
7378.053495 	1.256397 
7381.355217 	1.251002 
7384.903151 	1.245303 
7388.432444 	1.239814 
7391.686760 	1.234506 
7395.018227 	1.229237 
7398.580337 	1.223479 
7401.904149 	1.218098 
7405.182338 	1.212874 
7408.731276 	1.207335 
7412.306082 	1.201481 
7415.616332 	1.196345 
7418.928352 	1.191348 
7422.500884 	1.185997 
7425.892026 	1.180884 
7429.182273 	1.176076 
7432.730590 	1.170766 
7436.327397 	1.165358 
7439.716753 	1.160639 
7443.015280 	1.155688 
7446.387241 	1.150683 
7449.810662 	1.145732 
7453.361080 	1.140439 
7456.684275 	1.135522 
7460.106083 	1.130597 
7463.721493 	1.125674 
7467.064306 	1.121018 
7470.439526 	1.116623 
7474.066396 	1.111777 
7477.678409 	1.107292 
7481.018394 	1.102611 
7484.630295 	1.097916 
7488.649172 	1.092817 
7492.860187 	1.087134 
7497.076554 	1.081632 
7501.082480 	1.076256 
7505.087094 	1.070718 
7509.097105 	1.065334 
7513.137044 	1.060068 
7517.390294 	1.053978 
7521.640525 	1.048216 
7525.680006 	1.042664 
7529.723024 	1.037045 
7533.762329 	1.031800 
7538.023998 	1.025969 
7542.290096 	1.020379 
7546.382699 	1.015274 
7550.656673 	1.009593 
7554.956670 	1.003806 
7559.036764 	0.998518 
7563.106807 	0.993146 
7567.204330 	0.987821 
7571.323556 	0.982262 
7575.647776 	0.976263 
7579.988248 	0.970697 
7584.131232 	0.965209 
7588.250448 	0.959568 
7592.360056 	0.954399 
7596.502808 	0.949166 
7600.873196 	0.943494 
7605.221457 	0.937959 
7609.394073 	0.932650 
7613.561060 	0.927380 
7617.694683 	0.922266 
7621.836427 	0.917286 
7626.227345 	0.911983 
7630.598098 	0.906813 
7634.785708 	0.901860 
7639.184005 	0.896590 
7643.590226 	0.891154 
7647.763697 	0.886241 
7651.944388 	0.881251 
7656.575018 	0.875531 
7661.393271 	0.869680 
7666.253052 	0.863783 
7671.092222 	0.857823 
7675.946405 	0.852008 
7680.811148 	0.846077 
7685.684494 	0.840129 
7690.543682 	0.834276 
7695.437255 	0.828514 
7700.317886 	0.822695 
7705.205967 	0.817250 
7710.110468 	0.811374 
7715.005891 	0.805691 
7719.916385 	0.800124 
7724.830806 	0.794336 
7729.775042 	0.788646 
7734.762077 	0.782976 
7739.707670 	0.777323 
7744.615287 	0.771699 
7749.574943 	0.765974 
7754.527021 	0.760377 
7759.483239 	0.754393 
7764.236450 	0.749164 
7769.216337 	0.743404 
7774.185011 	0.737750 
7779.179602 	0.732076 
7784.172684 	0.726670 
7789.172362 	0.721021 
7794.177509 	0.715540 
7798.971034 	0.709922 
7803.996194 	0.704539 
7809.022375 	0.698884 
7814.056363 	0.693359 
7819.085832 	0.687806 
7824.151672 	0.682349 
7829.409510 	0.676445 
7834.457578 	0.671054 
7839.534537 	0.665450 
7844.594248 	0.660080 
7849.664744 	0.654953 
7855.199563 	0.648825 
7860.721238 	0.642885 
7866.270465 	0.636959 
7871.813067 	0.631114 
7877.371634 	0.625221 
7882.931105 	0.619370 
7888.497056 	0.613455 
7894.067449 	0.607495 
7899.661160 	0.601912 
7905.463384 	0.595846 
7911.082274 	0.590106 
7916.697814 	0.584378 
7922.327412 	0.578438 
7927.980581 	0.572812 
7933.643299 	0.567108 
7939.301184 	0.561070 
7944.984088 	0.555481 
7950.647337 	0.549732 
7956.342632 	0.544089 
7962.040801 	0.538400 
7967.756038 	0.532624 
7973.254777 	0.527211 
7978.979503 	0.521581 
7984.717480 	0.515914 
7990.473438 	0.510283 
7996.210625 	0.504739 
8002.001620 	0.498988 
8007.769528 	0.493447 
8013.552789 	0.487914 
8019.577468 	0.482000 
8025.366277 	0.476457 
8031.164993 	0.470844 
8036.991711 	0.465192 
8042.799485 	0.459505 
8048.647806 	0.454103 
8054.469251 	0.448547 
8060.321243 	0.442832 
8065.941147 	0.437683 
8071.783908 	0.432219 
8077.902352 	0.426375 
8084.013162 	0.420673 
8090.128778 	0.414793 
8096.517638 	0.408766 
8102.875964 	0.402780 
8109.260502 	0.396848 
8115.669867 	0.390864 
8121.848488 	0.385049 
8128.048571 	0.379393 
8134.239247 	0.373563 
8140.695380 	0.367668 
8147.131232 	0.361601 
8153.579777 	0.355770 
8160.044373 	0.349867 
8166.492839 	0.343943 
8172.998476 	0.338198 
8179.244570 	0.332531 
8185.500957 	0.326867 
8191.784908 	0.321166 
8198.298703 	0.315358 
8204.822362 	0.309441 
8211.347209 	0.303603 
8217.894208 	0.297624 
8224.453920 	0.291858 
8231.035408 	0.286217 
8237.391219 	0.280695 
8243.740128 	0.275080 
8250.112145 	0.269423 
8256.745832 	0.263681 
8263.594644 	0.257519 
8270.248414 	0.251688 
8276.650096 	0.246268 
8283.074665 	0.240465 
8289.771427 	0.234799 
8296.460806 	0.228966 
8302.922112 	0.223333 
8309.377400 	0.217991 
8316.100990 	0.212115 
8323.061005 	0.206282 
8329.797657 	0.200626 
8336.313956 	0.195169 
8343.071582 	0.189678 
8350.120478 	0.183855 
8357.157687 	0.178010 
8364.183973 	0.172001 
8371.247768 	0.166102 
8378.327299 	0.160159 
8385.448038 	0.154343 
8392.302446 	0.148609 
8399.176548 	0.142908 
8406.545193 	0.136831 
8413.923253 	0.130792 
8420.843872 	0.125051 
8427.754517 	0.119267 
8434.958116 	0.113444 
8442.140756 	0.107712 
8449.321552 	0.102031 
8456.533344 	0.096003 
8463.760449 	0.090204 
8471.027994 	0.084493 
8478.012984 	0.078814 
8485.289097 	0.073104 
8492.803045 	0.067153 
8500.089226 	0.061167 
8507.156234 	0.055745 
8514.216904 	0.050031 
8521.570786 	0.044213 
8528.895356 	0.038453 
8536.231099 	0.032697 
8543.591024 	0.026957 
8550.973881 	0.021209 
8558.396383 	0.015415 
8565.792080 	0.009711 
8573.201382 	0.004148 
8580.603543 	-0.001531 
8588.034245 	-0.007224 
8595.497231 	-0.013119 
8602.685502 	-0.018560 
8609.906825 	-0.024110 
8617.635572 	-0.029937 
8625.385261 	-0.035821 
8632.636288 	-0.041320 
8639.898587 	-0.046733 
8647.471081 	-0.052437 
