6786.534699 	0.543299 
6792.295344 	0.536798 
6798.003796 	0.529981 
6803.803414 	0.523314 
6809.689616 	0.516537 
6815.365510 	0.510402 
6821.125793 	0.503619 
6826.986931 	0.497075 
6832.916795 	0.490201 
6838.654494 	0.483799 
6844.444788 	0.477258 
6850.371392 	0.470716 
6856.169243 	0.464095 
6861.979464 	0.457235 
6867.931522 	0.450526 
6873.921959 	0.443857 
6879.734938 	0.437961 
6885.609275 	0.431162 
6891.583344 	0.424472 
6897.630520 	0.418133 
6903.619604 	0.411716 
6909.538698 	0.405202 
6915.395370 	0.398664 
6921.352438 	0.392317 
6927.249929 	0.385764 
6933.236063 	0.379718 
6939.321735 	0.372880 
6945.467046 	0.366177 
6951.409273 	0.359902 
6957.410211 	0.353400 
6963.543828 	0.347139 
6969.719456 	0.340725 
6975.729822 	0.334317 
6981.767744 	0.328069 
6987.984244 	0.321561 
6994.043740 	0.315033 
7000.131663 	0.308970 
7006.351421 	0.302738 
7012.466952 	0.296226 
7018.539826 	0.290098 
7024.685285 	0.283948 
7030.763072 	0.277648 
7037.094204 	0.271225 
7043.356886 	0.264823 
7049.549771 	0.258640 
7055.674309 	0.252774 
7061.887587 	0.246643 
7068.212738 	0.240495 
7073.146237 	0.235560 
7074.819556 	0.234394 
7075.175959 	0.233411 
7075.540886 	0.233578 
7075.897365 	0.233393 
7076.262370 	0.232245 
7076.623169 	0.232413 
7076.958534 	0.231985 
7077.289687 	0.231358 
7077.608133 	0.231527 
7078.032775 	0.230992 
7078.461718 	0.231786 
7078.759036 	0.230810 
7079.073372 	0.231435 
7079.430222 	0.229404 
7079.799856 	0.228862 
7080.156782 	0.229393 
7080.526495 	0.228872 
7080.887747 	0.227980 
7081.223534 	0.227980 
7081.550852 	0.228691 
7082.010000 	0.227409 
7082.430940 	0.228591 
7082.720101 	0.227099 
7083.017793 	0.226658 
7083.332524 	0.226831 
7083.689821 	0.225956 
7084.055664 	0.225601 
7084.413038 	0.225774 
7084.778959 	0.225690 
7085.136408 	0.225073 
7085.472615 	0.225158 
7085.800342 	0.224108 
7086.262194 	0.224196 
7086.681532 	0.223844 
7086.971055 	0.223581 
7087.269119 	0.222969 
7087.584244 	0.223930 
7087.937729 	0.221744 
7088.304030 	0.222969 
7088.661850 	0.222181 
7089.028229 	0.221220 
7089.390386 	0.221134 
7089.727014 	0.220525 
7090.217102 	0.220697 
7090.664634 	0.219997 
7090.941708 	0.220089 
7091.235857 	0.219825 
7091.534295 	0.219567 
7091.849815 	0.218782 
7092.208009 	0.219310 
7092.579034 	0.219482 
7092.937305 	0.217818 
7093.304144 	0.217742 
7093.662491 	0.217308 
7094.163812 	0.217742 
7094.648138 	0.216874 
7094.934072 	0.216705 
7095.211493 	0.217573 
7095.501743 	0.216440 
7095.954241 	0.216271 
7096.466574 	0.215321 
7096.833794 	0.216019 
7097.192513 	0.215754 
7097.559811 	0.214539 
7097.741339 	0.214630 
7098.091610 	0.214721 
7098.589312 	0.214023 
7098.905486 	0.215167 
7099.196051 	0.213773 
7099.473820 	0.213940 
7099.911886 	0.213176 
7100.375657 	0.213076 
7100.730473 	0.213093 
7101.098153 	0.213607 
7101.457321 	0.213707 
7101.825079 	0.211965 
7102.192877 	0.213093 
7102.530773 	0.212396 
7102.864425 	0.212928 
7103.185275 	0.211801 
7103.476205 	0.211555 
7103.754323 	0.211883 
7104.195080 	0.211637 
7104.661573 	0.211719 
7105.021117 	0.210429 
7105.389260 	0.212415 
7105.744599 	0.211903 
7106.117102 	0.210961 
7106.481081 	0.212333 
7106.819402 	0.210777 
7107.149191 	0.211289 
7107.466161 	0.212333 
7107.753172 	0.212497 
7108.179450 	0.212772 
7108.622922 	0.214138 
7108.935743 	0.215264 
7109.295737 	0.215767 
7109.664342 	0.219494 
7110.020127 	0.223318 
7110.393097 	0.230395 
7110.753245 	0.236621 
7111.091991 	0.241668 
7111.422192 	0.245510 
7111.743848 	0.246206 
7112.031220 	0.247640 
7112.455888 	0.245858 
7112.897770 	0.242555 
7113.215275 	0.240310 
7113.571429 	0.236366 
7113.944788 	0.236806 
7114.301019 	0.237061 
7114.674458 	0.238224 
7115.039351 	0.238317 
7115.378522 	0.240499 
7115.713432 	0.244389 
7116.035493 	0.246610 
7116.462807 	0.253579 
7116.894470 	0.261496 
7117.190867 	0.269093 
7117.504474 	0.276839 
7117.861076 	0.285019 
7118.230607 	0.296074 
7118.591583 	0.307819 
7118.961193 	0.320936 
7119.326545 	0.337657 
7119.666141 	0.358763 
7119.997174 	0.379356 
7120.319638 	0.405465 
7120.747488 	0.447714 
7121.179693 	0.499627 
7121.476462 	0.536709 
7121.790463 	0.578897 
7122.147513 	0.624387 
7122.517507 	0.673140 
7122.874633 	0.724311 
7123.244707 	0.777684 
7123.610516 	0.836302 
7123.954844 	0.895721 
7124.286291 	0.952374 
7124.755538 	1.037268 
7125.181791 	1.114460 
7125.474601 	1.163641 
7125.776050 	1.206076 
7126.090446 	1.249614 
7126.447946 	1.287243 
7126.822714 	1.319219 
7127.180290 	1.348126 
7127.555138 	1.371685 
7127.925718 	1.392621 
7128.266171 	1.408990 
7128.598036 	1.423091 
7129.067875 	1.442546 
7129.494666 	1.452986 
7129.787845 	1.461562 
7130.089674 	1.463536 
7130.404467 	1.467390 
7130.762417 	1.466104 
7131.133345 	1.467972 
7131.495686 	1.463887 
7131.862379 	1.460644 
7132.229111 	1.456339 
7132.569991 	1.454737 
7133.068428 	1.445868 
7133.523774 	1.439308 
7133.800032 	1.436567 
7134.097898 	1.431003 
7134.551222 	1.423276 
7135.065061 	1.412677 
7135.436456 	1.407236 
7135.794932 	1.397912 
7136.166406 	1.389095 
7136.352157 	1.383503 
7136.710730 	1.371921 
7137.216252 	1.352975 
7137.540343 	1.340250 
7137.834212 	1.324461 
7138.115141 	1.312137 
7138.413382 	1.296851 
7138.873762 	1.276801 
7139.386088 	1.256598 
7139.762275 	1.244447 
7140.125530 	1.230259 
7140.497473 	1.220579 
7140.865131 	1.208053 
7141.211198 	1.197113 
7141.544320 	1.187984 
7141.868821 	1.177249 
7142.163062 	1.168785 
7142.444345 	1.160704 
7142.887954 	1.147952 
7143.348935 	1.138264 
7143.708240 	1.128907 
7144.080572 	1.122515 
7144.439954 	1.115419 
7144.812366 	1.108012 
7145.184818 	1.100696 
7145.526989 	1.094463 
7145.860531 	1.086896 
7146.185441 	1.077364 
7146.484385 	1.069922 
7146.911184 	1.059431 
7147.359704 	1.047648 
7147.671753 	1.037601 
7148.027177 	1.030795 
7148.404313 	1.022458 
7148.768484 	1.014457 
7149.141366 	1.008408 
7149.509951 	0.997443 
7149.856891 	0.991836 
7150.195192 	0.985444 
7150.524850 	0.978071 
7150.824172 	0.969495 
7151.253680 	0.959488 
7151.700599 	0.950550 
7152.017383 	0.943575 
7152.377597 	0.937388 
7152.750871 	0.929996 
7153.115503 	0.925294 
7153.488857 	0.920787 
7153.857909 	0.914397 
7154.205289 	0.909073 
7154.539675 	0.905328 
7154.865407 	0.899728 
7155.304109 	0.894086 
7155.738522 	0.888436 
7156.038299 	0.885634 
7156.351138 	0.881758 
7156.707461 	0.879610 
7157.081205 	0.879047 
7157.446297 	0.876984 
7157.815775 	0.876845 
7158.189640 	0.878016 
7158.537458 	0.876019 
7158.872267 	0.878016 
7159.202758 	0.878640 
7159.644189 	0.882776 
7160.076976 	0.886519 
7160.377131 	0.887500 
7160.694716 	0.892177 
7161.051490 	0.894850 
7161.425707 	0.898254 
7161.791261 	0.901976 
7162.169911 	0.906901 
7162.544250 	0.910815 
7162.892508 	0.914404 
7163.232095 	0.919558 
7163.558652 	0.923187 
7164.000641 	0.930463 
7164.438332 	0.936213 
7164.738869 	0.941670 
7165.416987 	0.949691 
7167.053299 	0.969323 
7168.960042 	0.994534 
7170.875550 	1.017366 
7172.705388 	1.040454 
7174.509698 	1.055436 
7176.460639 	1.061367 
7178.358021 	1.064523 
7180.336519 	1.066052 
7182.068363 	1.065127 
7183.993800 	1.064301 
7185.833830 	1.064233 
7187.648824 	1.065721 
7189.606334 	1.065364 
7191.512423 	1.064126 
7193.497014 	1.061318 
7195.237671 	1.056591 
7197.173545 	1.050872 
7199.174861 	1.041486 
7201.214941 	1.029022 
7203.118635 	1.016286 
7204.880300 	1.004245 
7206.868170 	0.991167 
7208.774975 	0.978202 
7210.758608 	0.968007 
7212.554934 	0.958476 
7214.442925 	0.950945 
7216.350073 	0.945466 
7218.112583 	0.941818 
7220.109535 	0.939767 
7222.024379 	0.938768 
7224.017823 	0.938583 
7225.821031 	0.938830 
7227.710934 	0.938695 
7229.627756 	0.937537 
7231.585604 	0.936954 
7233.584545 	0.936901 
7235.334191 	0.935985 
7237.335882 	0.934486 
7239.303417 	0.932609 
7241.592562 	0.930809 
7243.916823 	0.928811 
7246.572606 	0.926343 
7249.052922 	0.925365 
7251.869756 	0.924750 
7254.402297 	0.924540 
7256.973423 	0.925297 
7259.615034 	0.926316 
7262.118166 	0.926344 
7264.960146 	0.926769 
7267.467033 	0.926183 
7270.094227 	0.925017 
7272.883723 	0.922869 
7275.586625 	0.919406 
7278.276346 	0.915962 
7280.778566 	0.911248 
7283.592373 	0.906137 
7286.218093 	0.899943 
7288.770814 	0.893991 
7291.460438 	0.887677 
7293.963134 	0.881643 
7296.815261 	0.874979 
7299.398511 	0.868733 
7302.000816 	0.862871 
7304.845312 	0.856294 
7307.360407 	0.851051 
7310.075670 	0.845621 
7312.627300 	0.841013 
7315.448822 	0.836872 
7318.290312 	0.833557 
7320.828546 	0.830384 
7323.723647 	0.827187 
7326.283399 	0.824979 
7328.949621 	0.822734 
7331.591749 	0.820784 
7334.175921 	0.818420 
7337.078002 	0.815765 
7339.622276 	0.813733 
7342.339277 	0.811081 
7344.942223 	0.809067 
7347.755481 	0.806149 
7351.164762 	0.802408 
7354.505277 	0.798583 
7357.824855 	0.794946 
7361.209602 	0.790675 
7364.617879 	0.786442 
7367.947156 	0.782051 
7371.298713 	0.778304 
7374.889703 	0.773137 
7378.310847 	0.768535 
7381.448931 	0.764647 
7384.833673 	0.760374 
7388.441163 	0.756296 
7391.847494 	0.752115 
7394.995484 	0.748552 
7398.420358 	0.744915 
7402.045380 	0.740851 
7405.433754 	0.736073 
7408.606747 	0.732063 
7412.058596 	0.727251 
7415.686751 	0.722277 
7419.056885 	0.717601 
7422.262847 	0.713523 
7425.724745 	0.708837 
7429.331580 	0.703590 
7432.693501 	0.699209 
7436.124151 	0.694585 
7439.610636 	0.690377 
7443.026753 	0.686096 
7446.412673 	0.681690 
7449.885510 	0.677983 
7453.387349 	0.674091 
7456.795263 	0.670271 
7460.210308 	0.666615 
7463.716435 	0.662465 
7467.215013 	0.658920 
7470.624821 	0.655923 
7474.076436 	0.652232 
7477.599331 	0.648870 
7481.085435 	0.645263 
7484.512961 	0.641225 
7488.559958 	0.637179 
7492.793693 	0.632717 
7496.856001 	0.628284 
7501.090546 	0.623483 
7505.344085 	0.618486 
7509.207077 	0.613960 
7513.077606 	0.609268 
7517.359337 	0.604394 
7521.648980 	0.599181 
7525.756098 	0.594049 
7529.862162 	0.589385 
7533.960129 	0.584536 
7538.042040 	0.580010 
7542.129862 	0.575709 
7546.245219 	0.570871 
7550.558678 	0.566165 
7554.863474 	0.561534 
7559.000337 	0.557134 
7563.124176 	0.552532 
7567.225623 	0.547990 
7571.346783 	0.543918 
7575.489049 	0.539757 
7579.827640 	0.534989 
7584.167821 	0.530236 
7588.346062 	0.525623 
7592.491555 	0.521249 
7596.627883 	0.516312 
7600.790373 	0.512269 
7604.962971 	0.507437 
7609.336897 	0.502864 
7613.723602 	0.498853 
7617.927574 	0.494088 
7622.105288 	0.490027 
7626.283695 	0.485637 
7630.477683 	0.481166 
7634.678712 	0.476870 
7639.088137 	0.472511 
7643.504125 	0.467863 
7647.727739 	0.463761 
7652.115419 	0.459402 
7656.723347 	0.455135 
7661.516645 	0.449866 
7666.325739 	0.445055 
7671.152737 	0.439977 
7675.972373 	0.435205 
7680.814738 	0.430096 
7685.659718 	0.425189 
7690.513231 	0.420101 
7695.362311 	0.415302 
7700.237896 	0.410603 
7705.089456 	0.405477 
7709.975182 	0.400641 
7714.853521 	0.395672 
7719.737604 	0.391418 
7724.828587 	0.386316 
7729.724938 	0.381192 
7734.621369 	0.375943 
7739.539299 	0.371359 
7744.454846 	0.366338 
7749.567415 	0.361406 
7754.510767 	0.356914 
7759.439496 	0.352325 
7764.386557 	0.347675 
7769.336449 	0.342667 
7774.296580 	0.337921 
7779.242467 	0.333648 
7784.225049 	0.328880 
7789.180631 	0.324288 
7794.166387 	0.319519 
7799.157884 	0.314591 
7804.141828 	0.309570 
7809.140377 	0.305095 
7814.139369 	0.300259 
7819.140900 	0.295761 
7824.150800 	0.291014 
7829.185267 	0.286032 
7834.197097 	0.281306 
7839.253123 	0.276431 
7844.510612 	0.271800 
7849.770537 	0.266848 
7855.062091 	0.261942 
7860.558706 	0.257199 
7866.264684 	0.252188 
7871.768331 	0.246917 
7877.268291 	0.241991 
7882.982313 	0.236670 
7888.706050 	0.231382 
7894.230305 	0.226465 
7899.768599 	0.221580 
7905.508790 	0.216509 
7911.068248 	0.211662 
7916.633141 	0.207010 
7922.416326 	0.201431 
7928.015301 	0.196690 
7933.622222 	0.191645 
7939.229052 	0.186798 
7944.853979 	0.181871 
7950.466892 	0.176797 
7956.096985 	0.172258 
7961.953080 	0.167177 
7967.583142 	0.162351 
7973.246945 	0.157718 
7979.117486 	0.152610 
7984.768132 	0.148231 
7990.453934 	0.143446 
7996.337789 	0.138295 
8002.227860 	0.133052 
8007.941276 	0.128121 
8013.626384 	0.123544 
8019.556154 	0.118772 
8025.292308 	0.113828 
8031.014411 	0.109193 
8036.986973 	0.104318 
8042.736042 	0.099589 
8048.495953 	0.094647 
8054.270241 	0.089609 
8060.039004 	0.085223 
8066.039919 	0.080083 
8071.819942 	0.075079 
8077.613859 	0.070364 
8083.860720 	0.065525 
8090.299278 	0.060267 
8096.751795 	0.055121 
8103.007968 	0.049868 
8109.270583 	0.044619 
8115.570127 	0.039771 
8121.642179 	0.034705 
8127.956753 	0.029400 
8134.481991 	0.024408 
8140.786185 	0.019422 
8147.119250 	0.014327 
8153.656536 	0.009388 
8160.025133 	0.004769 
8166.391920 	-0.000119 
8172.772911 	-0.005519 
8178.951207 	-0.010455 
8185.348250 	-0.015334 
8191.983090 	-0.020107 
8198.607530 	-0.025181 
8205.034732 	-0.030272 
8211.478989 	-0.035121 
8217.932172 	-0.039888 
8224.176948 	-0.044619 
8230.654708 	-0.049511 
8237.133220 	-0.054278 
8243.636784 	-0.059292 
8250.338318 	-0.064223 
8257.065893 	-0.069159 
8263.586282 	-0.074137 
8270.114889 	-0.078637 
8276.670520 	-0.083381 
8282.991707 	-0.087896 
8289.581694 	-0.092819 
8296.380124 	-0.097643 
8302.959462 	-0.102651 
8309.553222 	-0.107438 
8316.376359 	-0.112373 
8323.018149 	-0.117336 
8329.649511 	-0.121339 
8336.298860 	-0.126553 
8342.964779 	-0.131060 
8350.082300 	-0.136179 
8357.202104 	-0.141399 
8364.317766 	-0.146588 
8371.498770 	-0.151891 
8378.448399 	-0.156660 
8385.400266 	-0.161418 
8392.362408 	-0.166368 
8399.528979 	-0.171431 
8406.751367 	-0.176714 
8413.753308 	-0.181646 
8420.777811 	-0.186418 
8427.806270 	-0.191489 
8435.061593 	-0.196594 
8442.342731 	-0.201573 
8449.382565 	-0.206476 
