6786.588895 	0.525190 
6792.257165 	0.518508 
6798.002358 	0.511942 
6803.703202 	0.505258 
6809.473903 	0.498538 
6815.362412 	0.491752 
6821.162793 	0.485287 
6826.929018 	0.479174 
6832.747819 	0.472517 
6838.546327 	0.465686 
6844.554922 	0.458948 
6850.381396 	0.452462 
6856.263947 	0.445869 
6862.131857 	0.439479 
6868.007175 	0.433138 
6873.895236 	0.426621 
6879.801863 	0.420334 
6885.743610 	0.413903 
6891.679802 	0.407456 
6897.644358 	0.401203 
6903.585893 	0.394761 
6909.578516 	0.388314 
6915.535041 	0.381819 
6921.559722 	0.375444 
6927.376235 	0.369419 
6933.268710 	0.363115 
6939.277500 	0.356760 
6945.357956 	0.350611 
6951.388884 	0.344374 
6957.485158 	0.337989 
6963.533315 	0.331703 
6969.649801 	0.325608 
6975.726474 	0.319243 
6981.860991 	0.312904 
6987.970944 	0.306530 
6993.952056 	0.300279 
7000.098487 	0.294179 
7006.257036 	0.287878 
7012.437797 	0.281565 
7018.610709 	0.275312 
7024.649839 	0.269327 
7030.823795 	0.263382 
7037.068983 	0.257186 
7043.261536 	0.251407 
7049.538923 	0.245395 
7055.751346 	0.239350 
7062.059259 	0.233442 
7068.294251 	0.227546 
7073.056008 	0.223459 
7074.688036 	0.222020 
7075.069883 	0.221774 
7075.460260 	0.221278 
7075.837949 	0.220938 
7076.232658 	0.220995 
7076.606189 	0.220179 
7076.958534 	0.220179 
7077.306670 	0.219630 
7077.629364 	0.219594 
7078.081613 	0.219054 
7078.550910 	0.218647 
7078.882218 	0.218404 
7079.260289 	0.218422 
7079.651148 	0.217797 
7079.840221 	0.217696 
7080.029304 	0.217594 
7080.420251 	0.217385 
7080.802743 	0.217053 
7081.155524 	0.216689 
7081.499839 	0.216542 
7081.980238 	0.216168 
7082.435193 	0.215378 
7082.754122 	0.215227 
7083.081587 	0.214969 
7083.455872 	0.214987 
7083.851468 	0.214632 
7084.234346 	0.214257 
7084.625778 	0.214408 
7085.012999 	0.213910 
7085.370473 	0.213545 
7085.719472 	0.213837 
7086.051480 	0.212803 
7086.353720 	0.212597 
7086.655987 	0.212058 
7086.971055 	0.212205 
7087.298927 	0.212351 
7087.660900 	0.212133 
7088.056986 	0.211358 
7088.440338 	0.211714 
7088.832254 	0.211305 
7089.219955 	0.211047 
7089.577871 	0.210784 
7089.931564 	0.210701 
7090.263983 	0.210429 
7090.570861 	0.210368 
7090.869241 	0.209955 
7091.184699 	0.209373 
7091.508714 	0.209791 
7091.866871 	0.209285 
7092.259182 	0.209278 
7092.643008 	0.208878 
7093.026878 	0.208720 
7093.419323 	0.208650 
7093.781948 	0.208499 
7094.136078 	0.208539 
7094.477443 	0.208615 
7094.784700 	0.208382 
7095.245639 	0.208132 
7095.727984 	0.208202 
7096.082317 	0.207976 
7096.475114 	0.207802 
7096.669394 	0.207938 
7096.863686 	0.208074 
7097.252303 	0.208016 
7097.640964 	0.207593 
7098.012582 	0.207935 
7098.362880 	0.207663 
7098.704669 	0.208532 
7099.166139 	0.207619 
7099.631945 	0.207726 
7099.952490 	0.208565 
7100.298713 	0.208415 
7100.687722 	0.208907 
7101.076775 	0.208843 
7101.461597 	0.209172 
7101.855015 	0.209798 
7102.227093 	0.209918 
7102.582102 	0.210580 
7102.928593 	0.210978 
7103.245170 	0.211296 
7103.544663 	0.211998 
7103.857018 	0.213067 
7104.173682 	0.213974 
7104.511775 	0.214703 
7104.896984 	0.215988 
7105.290799 	0.217142 
7105.671815 	0.219197 
7106.070001 	0.221177 
7106.446822 	0.223368 
7106.806554 	0.226559 
7107.157757 	0.230662 
7107.483295 	0.236414 
7107.787444 	0.244457 
7108.100189 	0.256333 
7108.421532 	0.275246 
7108.755760 	0.303480 
7109.141450 	0.342199 
7109.535755 	0.387060 
7109.917245 	0.432137 
7110.315927 	0.469375 
7110.697506 	0.497657 
7111.053398 	0.517793 
7111.405038 	0.532630 
7111.735271 	0.544007 
7112.031220 	0.553180 
7112.503077 	0.563141 
7112.992161 	0.568935 
7113.365456 	0.570983 
7113.562847 	0.572198 
7113.760249 	0.573414 
7114.142213 	0.578036 
7114.537096 	0.584905 
7114.923439 	0.595291 
7115.284066 	0.609281 
7115.636142 	0.628767 
7115.971078 	0.655302 
7116.424153 	0.709411 
7116.894470 	0.773651 
7117.220937 	0.817827 
7117.590399 	0.860405 
7117.985681 	0.899742 
7118.372415 	0.939457 
7118.767788 	0.980904 
7118.963342 	1.001847 
7119.158908 	1.023246 
7119.528579 	1.065615 
7120.055215 	1.125604 
7120.534632 	1.180560 
7120.839945 	1.213383 
7121.158189 	1.244430 
7121.485064 	1.273713 
7121.850685 	1.302976 
7122.246461 	1.332180 
7122.633677 	1.363386 
7123.025240 	1.394999 
7123.416848 	1.429598 
7123.786980 	1.463701 
7124.139934 	1.499232 
7124.484314 	1.532599 
7124.794286 	1.566495 
7125.095675 	1.599096 
7125.414315 	1.630213 
7125.737291 	1.657966 
7126.090446 	1.683949 
7126.482405 	1.706208 
7126.870101 	1.723905 
7127.257841 	1.737224 
7127.654243 	1.747891 
7128.029143 	1.754377 
7128.382535 	1.757678 
7128.727343 	1.759221 
7129.046322 	1.758127 
7129.348085 	1.756183 
7129.824495 	1.745066 
7130.335469 	1.725792 
7130.533842 	1.717032 
7130.732227 	1.708345 
7131.124719 	1.688030 
7131.512941 	1.666878 
7131.914150 	1.643113 
7132.293832 	1.621986 
7132.656296 	1.602368 
7133.005850 	1.583476 
7133.329543 	1.568556 
7133.787082 	1.550732 
7134.266268 	1.538766 
7134.607352 	1.534272 
7134.995969 	1.532633 
7135.393268 	1.532977 
7135.777655 	1.536217 
7135.976344 	1.538617 
7136.175045 	1.541017 
7136.559520 	1.547250 
7136.918114 	1.555206 
7137.432309 	1.565896 
7137.899040 	1.578901 
7138.210229 	1.585999 
7138.534415 	1.592569 
7138.867277 	1.598285 
7139.252054 	1.603956 
7139.645523 	1.606400 
7140.030388 	1.609438 
7140.428271 	1.610255 
7140.817549 	1.610330 
7141.176589 	1.609587 
7141.535667 	1.608318 
7141.868821 	1.606521 
7142.171716 	1.604957 
7142.483294 	1.602796 
7142.807884 	1.599410 
7143.141161 	1.597087 
7143.517761 	1.594933 
7143.920378 	1.591096 
7144.310053 	1.587829 
7144.708433 	1.584462 
7145.102528 	1.580281 
7145.462017 	1.576867 
7145.821544 	1.571503 
7146.159447 	1.566564 
7146.462722 	1.562378 
7146.770356 	1.556429 
7147.260028 	1.548175 
7147.793114 	1.539757 
7147.994667 	1.537131 
7148.196233 	1.534514 
7148.586394 	1.528153 
7148.980935 	1.522936 
7149.375521 	1.518594 
7149.744132 	1.513325 
7150.099770 	1.509505 
7150.442432 	1.505146 
7150.906599 	1.500623 
7151.379506 	1.496167 
7151.704939 	1.494708 
7152.065120 	1.492276 
7152.464401 	1.491875 
7152.855047 	1.491843 
7153.245738 	1.491271 
7153.445441 	1.491178 
7153.645157 	1.491084 
7154.018568 	1.492332 
7154.378992 	1.492577 
7154.884952 	1.494766 
7155.347548 	1.495855 
7155.669012 	1.497753 
7155.999196 	1.497317 
7156.355483 	1.499655 
7156.755263 	1.498849 
7157.150744 	1.498710 
7157.541923 	1.498089 
7157.937494 	1.497253 
7158.315720 	1.496677 
7158.672247 	1.494644 
7159.024463 	1.491899 
7159.346271 	1.488893 
7159.650713 	1.485209 
7159.972580 	1.481312 
7160.298827 	1.476674 
7160.646859 	1.472078 
7161.038436 	1.467020 
7161.438762 	1.462230 
7161.826077 	1.457366 
7162.226494 	1.451549 
7162.609545 	1.446974 
7162.970872 	1.442873 
7163.323528 	1.437995 
7163.650093 	1.433698 
7163.954916 	1.431370 
7164.268476 	1.427506 
7164.762826 	1.425015 
7165.523001 	1.422950 
7166.885202 	1.423239 
7168.770338 	1.434175 
7170.821443 	1.456437 
7172.752686 	1.485898 
7174.538092 	1.516819 
7176.398722 	1.546303 
7178.266625 	1.573179 
7180.203504 	1.587309 
7182.075659 	1.588956 
7184.158500 	1.581277 
7185.897962 	1.570329 
7187.692672 	1.559787 
7189.728450 	1.549582 
7191.636948 	1.538796 
7193.573440 	1.528804 
7195.252612 	1.518908 
7197.159474 	1.508004 
7199.093052 	1.497848 
7201.093446 	1.489751 
7203.109091 	1.484185 
7204.855182 	1.481334 
7206.786599 	1.479814 
7208.652773 	1.477131 
7210.582043 	1.471462 
7212.495311 	1.461359 
7214.542795 	1.447899 
7216.371001 	1.433998 
7218.124085 	1.420630 
7220.229781 	1.408003 
7222.113838 	1.399267 
7224.061249 	1.395830 
7225.960687 	1.395415 
7227.855103 	1.398342 
7229.681016 	1.403604 
7231.641558 	1.409353 
7233.564105 	1.413947 
7235.455706 	1.416618 
7237.585878 	1.418403 
7239.293626 	1.419654 
7241.406257 	1.421787 
7243.729572 	1.425397 
7246.552218 	1.429401 
7249.223482 	1.432731 
7251.848938 	1.437116 
7254.418261 	1.442615 
7256.969030 	1.448181 
7259.619511 	1.451933 
7262.098567 	1.453041 
7264.947255 	1.449596 
7267.691379 	1.440895 
7270.263413 	1.428655 
7272.911167 	1.413643 
7275.413165 	1.396489 
7278.278677 	1.377920 
7280.811783 	1.361913 
7283.441938 	1.349668 
7286.252891 	1.340649 
7288.777989 	1.334244 
7291.482381 	1.327971 
7293.993811 	1.322113 
7296.844671 	1.317862 
7299.446700 	1.315259 
7302.020074 	1.313528 
7304.900946 	1.312524 
7307.418755 	1.313420 
7310.118086 	1.315442 
7312.675996 	1.317283 
7315.484958 	1.318918 
7318.367051 	1.320234 
7320.889965 	1.322381 
7323.610074 	1.325776 
7326.164121 	1.328433 
7328.828949 	1.329959 
7331.489264 	1.328873 
7334.249658 	1.325746 
7337.150002 	1.321011 
7339.701444 	1.314891 
7342.400744 	1.307707 
7345.035270 	1.299657 
7347.825869 	1.291017 
7351.089714 	1.281537 
7354.494034 	1.272092 
7357.862758 	1.263074 
7361.283329 	1.254162 
7364.732831 	1.244342 
7367.943565 	1.234681 
7371.146427 	1.226923 
7374.599887 	1.221191 
7378.043849 	1.216554 
7381.446871 	1.213522 
7384.869133 	1.212460 
7388.335966 	1.212818 
7391.787073 	1.212431 
7394.996259 	1.211167 
7398.266285 	1.209597 
7401.926522 	1.207755 
7405.387617 	1.205938 
7408.612454 	1.203956 
7412.096250 	1.201521 
7415.592807 	1.198906 
7418.826948 	1.196329 
7422.095137 	1.193126 
7425.789028 	1.187958 
7429.291539 	1.181492 
7432.520601 	1.174159 
7436.002689 	1.166019 
7439.527419 	1.156678 
7443.005326 	1.147122 
7446.465635 	1.138084 
7449.972851 	1.129903 
7453.510294 	1.122705 
7456.796683 	1.116834 
7460.087134 	1.112464 
7463.629812 	1.109104 
7467.164909 	1.107166 
7470.639603 	1.106509 
7474.153059 	1.105555 
7477.709618 	1.103727 
7481.252747 	1.101745 
7484.743182 	1.099471 
7488.472975 	1.096814 
7492.612904 	1.093296 
7496.951287 	1.089773 
7501.120334 	1.086656 
7505.073662 	1.083163 
7509.208343 	1.078320 
7513.365891 	1.072971 
7517.319147 	1.067125 
7521.487770 	1.061020 
7525.672770 	1.054554 
7529.849429 	1.047169 
7534.027779 	1.040341 
7537.993942 	1.034340 
7542.179646 	1.028092 
7546.358925 	1.021547 
7550.570122 	1.014524 
7554.787920 	1.008222 
7558.998567 	1.002263 
7563.219888 	0.997621 
7567.224824 	0.993928 
7571.436048 	0.990592 
7575.641107 	0.987361 
7579.892408 	0.984178 
7584.137115 	0.980799 
7588.374617 	0.977757 
7592.641106 	0.973834 
7596.670052 	0.969769 
7600.690137 	0.965613 
7604.962523 	0.961066 
7609.232665 	0.956816 
7613.509306 	0.952926 
7617.996841 	0.948998 
7622.303018 	0.945128 
7626.363669 	0.941585 
7630.422352 	0.937170 
7634.738355 	0.932042 
7639.037796 	0.926085 
7643.350589 	0.920070 
7647.686885 	0.913978 
7651.991145 	0.908221 
7656.699181 	0.902338 
7661.651180 	0.895941 
7666.401124 	0.890807 
7671.130439 	0.885199 
7676.108916 	0.880246 
7680.867880 	0.875365 
7685.635782 	0.870678 
7690.640930 	0.865659 
7695.415629 	0.860829 
7700.210267 	0.856268 
7705.227496 	0.851626 
7710.014554 	0.847103 
7714.826857 	0.843002 
7719.865527 	0.838384 
7724.885127 	0.833564 
7729.702726 	0.828537 
7734.552734 	0.823612 
7739.592130 	0.818456 
7744.650271 	0.812952 
7749.507835 	0.807585 
7754.355922 	0.802194 
7759.437486 	0.796364 
7764.513509 	0.790795 
7769.394362 	0.785699 
7774.270779 	0.780719 
7779.370353 	0.774954 
7784.267224 	0.769546 
7789.159410 	0.763686 
7794.280082 	0.758061 
7799.187307 	0.752920 
7804.110187 	0.747591 
7809.252088 	0.742530 
7814.171884 	0.737796 
7819.125669 	0.732836 
7824.276296 	0.727968 
7829.209469 	0.723610 
7834.187049 	0.719110 
7839.361722 	0.715029 
7844.553545 	0.710460 
7849.762573 	0.705762 
7855.186992 	0.700396 
7860.620047 	0.695163 
7866.075654 	0.690227 
7871.732896 	0.685380 
7877.417727 	0.680273 
7883.096346 	0.675126 
7888.779341 	0.669843 
7894.277831 	0.664508 
7899.748963 	0.659460 
7905.474068 	0.654471 
7911.202404 	0.649704 
7916.716566 	0.644932 
7922.240327 	0.639693 
7927.992981 	0.634457 
7933.533881 	0.629435 
7939.095984 	0.624335 
7944.872305 	0.618693 
7950.670621 	0.613152 
7956.238881 	0.607791 
7961.821041 	0.602368 
7967.649125 	0.597297 
7973.463443 	0.592467 
7979.062192 	0.588348 
7984.689271 	0.583957 
7990.518389 	0.578935 
7996.379863 	0.573782 
8002.236317 	0.568850 
8008.099527 	0.564110 
8013.771846 	0.559489 
8019.415786 	0.554800 
8025.316470 	0.549972 
8031.238012 	0.544862 
8036.919399 	0.539726 
8042.631726 	0.534994 
8048.570302 	0.530315 
8054.280526 	0.525608 
8060.025990 	0.520695 
8065.975699 	0.515303 
8071.944346 	0.509521 
8077.925982 	0.504177 
8083.897840 	0.498554 
8090.127670 	0.493066 
8096.574158 	0.487413 
8103.043703 	0.481684 
8109.310803 	0.476183 
8115.331955 	0.470646 
8121.625639 	0.465266 
8128.136567 	0.459893 
8134.426665 	0.454563 
8140.726999 	0.449111 
8147.251296 	0.443294 
8153.589757 	0.437848 
8159.911480 	0.432708 
8166.270500 	0.427765 
8172.633963 	0.422914 
8178.990658 	0.417876 
8185.389630 	0.412881 
8191.997026 	0.407730 
8198.624888 	0.402365 
8205.038884 	0.397148 
8211.437583 	0.392018 
8217.887976 	0.386929 
8224.315639 	0.382049 
8230.771472 	0.376823 
8237.232903 	0.371691 
8243.929809 	0.366120 
8250.405634 	0.360775 
8256.874805 	0.355064 
8263.614294 	0.349254 
8270.135213 	0.343800 
8276.657098 	0.337992 
8283.202257 	0.332534 
8289.743652 	0.327278 
8296.298294 	0.322231 
8302.853911 	0.317095 
8309.655340 	0.311063 
8316.492827 	0.305289 
8323.100826 	0.299910 
8329.476809 	0.295146 
8336.105593 	0.290023 
8342.982887 	0.284720 
8350.117658 	0.279034 
8357.232571 	0.273688 
8364.147109 	0.268181 
8371.078162 	0.262297 
8378.031373 	0.256625 
8385.240611 	0.250601 
8392.419383 	0.244400 
8399.621370 	0.238466 
8406.853591 	0.233066 
8413.876824 	0.227572 
8420.888240 	0.221419 
8427.916046 	0.215565 
8434.940670 	0.210113 
8442.202449 	0.204813 
8449.535582 	0.198591 
8456.599111 	0.192781 
8463.697202 	0.186781 
8470.785565 	0.181172 
8478.125064 	0.175438 
8485.485990 	0.169831 
8492.607101 	0.164443 
8499.771532 	0.158814 
8506.918228 	0.152980 
8514.335382 	0.146991 
8521.733810 	0.140934 
8529.142557 	0.135425 
8536.628937 	0.129946 
8543.850746 	0.124657 
8551.102176 	0.119387 
8558.337065 	0.113848 
8565.821582 	0.108094 
8573.340285 	0.102531 
8580.619807 	0.097184 
8587.937846 	0.091756 
8595.245152 	0.086319 
8602.578878 	0.081494 
