6786.574633 	1.928483 
6792.392461 	1.918095 
6798.090529 	1.908227 
6803.786838 	1.898506 
6809.501029 	1.888674 
6815.244607 	1.879004 
6821.137150 	1.868973 
6827.080400 	1.859197 
6832.833454 	1.849262 
6838.653824 	1.839994 
6844.423913 	1.830261 
6850.284659 	1.820221 
6856.245404 	1.810110 
6862.128774 	1.800598 
6867.937609 	1.790777 
6873.842505 	1.781002 
6879.678464 	1.771331 
6885.595042 	1.761757 
6891.462463 	1.752113 
6897.560527 	1.742381 
6903.621726 	1.732489 
6909.563629 	1.722999 
6915.484020 	1.713198 
6921.432819 	1.703696 
6927.388747 	1.694174 
6933.344198 	1.684417 
6939.334322 	1.675259 
6945.296069 	1.665670 
6951.316179 	1.656221 
6957.460347 	1.646424 
6963.674016 	1.636874 
6969.674272 	1.627286 
6975.753480 	1.617737 
6981.781185 	1.608370 
6987.904099 	1.598947 
6993.958635 	1.589488 
7000.096666 	1.580033 
7006.350850 	1.570466 
7012.517011 	1.561167 
7018.631832 	1.551791 
7024.811367 	1.542318 
7030.952922 	1.533187 
7037.147563 	1.523921 
7043.334394 	1.514946 
7049.544882 	1.505637 
7055.759315 	1.496465 
7061.969933 	1.487338 
7068.216384 	1.478219 
7073.036220 	1.471605 
7074.802586 	1.469033 
7075.116556 	1.468169 
7075.443286 	1.468018 
7075.787022 	1.467780 
7076.177481 	1.467047 
7076.572230 	1.466165 
7076.958534 	1.465670 
7077.361866 	1.465456 
7077.744013 	1.465262 
7078.104970 	1.463975 
7078.457470 	1.464662 
7078.784522 	1.463547 
7079.086116 	1.462925 
7079.404732 	1.462287 
7079.727625 	1.461945 
7080.076045 	1.461176 
7080.475497 	1.461156 
7080.866496 	1.460496 
7081.253289 	1.459897 
7081.652879 	1.459665 
7082.031258 	1.459091 
7082.388419 	1.458860 
7082.741364 	1.457689 
7083.060322 	1.456630 
7083.366550 	1.457780 
7083.685567 	1.456059 
7084.013122 	1.456555 
7084.366237 	1.454984 
7084.761938 	1.455774 
7085.157686 	1.455076 
7085.549224 	1.453912 
7085.945063 	1.453648 
7086.323921 	1.453262 
7086.681532 	1.452760 
7087.034924 	1.452258 
7087.354285 	1.451710 
7087.656642 	1.451821 
7087.980320 	1.450918 
7088.308290 	1.450290 
7088.666110 	1.450594 
7089.066573 	1.449983 
7089.462822 	1.449693 
7089.854856 	1.448794 
7090.251197 	1.448505 
7090.626272 	1.447207 
7090.984337 	1.447543 
7091.333912 	1.447319 
7091.649414 	1.445975 
7091.956416 	1.445800 
7092.276240 	1.445800 
7092.604624 	1.445402 
7092.967162 	1.444939 
7093.368132 	1.444397 
7093.760616 	1.443648 
7094.153145 	1.443697 
7094.549987 	1.443318 
7094.917001 	1.442919 
7095.279785 	1.442762 
7095.625534 	1.442364 
7095.937164 	1.441525 
7096.248823 	1.441589 
7096.569050 	1.441163 
7096.902119 	1.440482 
7097.273657 	1.440723 
7097.679405 	1.439123 
7098.068115 	1.439186 
7098.465413 	1.439350 
7098.862758 	1.439541 
7099.230237 	1.438517 
7099.593481 	1.438248 
7099.935394 	1.438348 
7100.247419 	1.437417 
7100.559473 	1.437480 
7100.884381 	1.437059 
7101.217871 	1.436587 
7101.598433 	1.436624 
7102.000420 	1.435632 
7102.389623 	1.436217 
7102.791703 	1.436217 
7103.185275 	1.435326 
7103.548941 	1.435669 
7103.908367 	1.435390 
7104.246434 	1.435517 
7104.554574 	1.436088 
7104.867022 	1.435974 
7105.192341 	1.435351 
7105.526254 	1.436469 
7105.911578 	1.436329 
7106.314074 	1.437194 
7106.699487 	1.436469 
7107.097793 	1.437664 
7107.491862 	1.438861 
7107.855988 	1.439918 
7108.215869 	1.441935 
7108.554362 	1.445381 
7108.862892 	1.450160 
7109.180021 	1.456403 
7109.505752 	1.466126 
7109.848660 	1.480678 
7110.238760 	1.496930 
7110.641767 	1.510895 
7111.031957 	1.513487 
7111.435058 	1.504204 
7111.825339 	1.488866 
7112.189928 	1.476526 
7112.550266 	1.470471 
7112.884899 	1.468857 
7113.193821 	1.469662 
7113.511353 	1.472700 
7113.841789 	1.477200 
7114.189425 	1.483331 
7114.584314 	1.492036 
7114.983541 	1.505473 
7115.374228 	1.525549 
7115.777842 	1.553873 
7116.164326 	1.594461 
7116.525083 	1.652317 
7116.881583 	1.731120 
7117.212346 	1.827775 
7117.517363 	1.936383 
7117.839593 	2.037601 
7118.166151 	2.118173 
7118.514228 	2.178437 
7118.909617 	2.221172 
7119.309351 	2.255523 
7119.700533 	2.285408 
7120.104658 	2.313056 
7120.487332 	2.334803 
7120.852846 	2.359964 
7121.214099 	2.388464 
7121.540980 	2.422756 
7121.846384 	2.464124 
7122.169023 	2.509975 
7122.500298 	2.551919 
7122.857422 	2.592925 
7123.261921 	2.623128 
7123.662163 	2.643659 
7124.053844 	2.654033 
7124.462790 	2.651456 
7124.841646 	2.644822 
7125.207626 	2.634723 
7125.565033 	2.622510 
7125.888024 	2.611683 
7126.198123 	2.602178 
7126.525480 	2.592252 
7126.852869 	2.583486 
7127.219065 	2.576867 
7127.624080 	2.567258 
7128.016215 	2.558374 
7128.412705 	2.548242 
7128.813551 	2.539636 
7129.192889 	2.528456 
7129.555024 	2.519595 
7129.908574 	2.510683 
7130.227662 	2.502950 
7130.538155 	2.496704 
7130.861615 	2.493731 
7131.193733 	2.492775 
7131.560393 	2.494288 
7131.970237 	2.500302 
7132.367185 	2.507280 
7132.764179 	2.513310 
7133.169851 	2.519514 
7133.541040 	2.514928 
7133.907952 	2.506213 
7134.261951 	2.490090 
7134.577128 	2.474116 
7134.892334 	2.460144 
7135.216205 	2.447592 
7135.553064 	2.438427 
7135.928831 	2.433229 
7136.339198 	2.425291 
7136.732332 	2.420994 
7137.134153 	2.414865 
7137.540343 	2.410607 
7137.916328 	2.406213 
7138.279386 	2.401403 
7138.629515 	2.396368 
7138.940771 	2.393441 
7139.256378 	2.389236 
7139.584987 	2.386306 
7139.922275 	2.381531 
7140.302846 	2.379572 
7140.713737 	2.375925 
7141.107374 	2.372096 
7141.509708 	2.369520 
7141.903436 	2.365706 
7142.271245 	2.362583 
7142.639093 	2.359915 
7142.985339 	2.356370 
7143.292662 	2.352711 
7143.612999 	2.349466 
7143.942026 	2.346347 
7144.279743 	2.343338 
7144.669459 	2.340369 
7145.076543 	2.337278 
7145.475012 	2.334362 
7145.877859 	2.332593 
7146.272089 	2.330097 
7146.644699 	2.326709 
7147.008683 	2.325541 
7147.351037 	2.322565 
7147.658751 	2.321592 
7147.979496 	2.318956 
7148.308942 	2.317537 
7148.655760 	2.317013 
7149.050309 	2.314905 
7149.457913 	2.313943 
7149.852554 	2.313747 
7150.260253 	2.312466 
7150.654987 	2.312403 
7151.019397 	2.312844 
7151.383845 	2.310742 
7151.722296 	2.314426 
7152.030402 	2.312076 
7152.351556 	2.312322 
7152.681421 	2.313782 
7153.028682 	2.314992 
7153.423734 	2.315747 
7153.831857 	2.316447 
7154.227001 	2.317848 
7154.635220 	2.318800 
7155.021770 	2.319491 
7155.390987 	2.321095 
7155.751555 	2.322877 
7156.086092 	2.323895 
7156.398935 	2.325241 
7156.724843 	2.326839 
7157.055129 	2.328564 
7157.407179 	2.329664 
7157.807081 	2.328894 
7158.215726 	2.331517 
7158.611374 	2.333705 
7159.020114 	2.333705 
7159.407157 	2.335458 
7159.776846 	2.337193 
7160.137875 	2.337319 
7160.468488 	2.339704 
7160.781730 	2.339955 
7161.108055 	2.341781 
7161.438762 	2.342620 
7161.799965 	2.344049 
7162.204731 	2.344826 
7162.609545 	2.347253 
7163.005700 	2.347503 
7163.414963 	2.348066 
7163.798146 	2.349251 
7164.163952 	2.348846 
7164.525442 	2.351063 
7164.852121 	2.351000 
7165.489599 	2.353137 
7166.986321 	2.354465 
7168.883723 	2.357684 
7170.610256 	2.361623 
7172.569903 	2.359621 
7174.480577 	2.353006 
7176.587827 	2.345556 
7178.347088 	2.338492 
7180.192128 	2.331903 
7182.080183 	2.325849 
7183.822977 	2.319792 
7185.964578 	2.313241 
7187.868950 	2.305683 
7189.820881 	2.299043 
7191.574612 	2.292753 
7193.446943 	2.287107 
7195.492561 	2.282826 
7197.277314 	2.279201 
7199.230169 	2.276324 
7201.140987 	2.274061 
7203.103953 	2.271983 
7204.855622 	2.270099 
7206.754559 	2.268287 
7208.791152 	2.267252 
7210.599699 	2.266025 
7212.545365 	2.264690 
7214.466788 	2.263419 
7216.442628 	2.261744 
7218.194863 	2.259145 
7220.117945 	2.256691 
7222.146167 	2.252770 
7223.977943 	2.248017 
7225.914134 	2.243174 
7227.851110 	2.237661 
7229.839914 	2.232289 
7231.590933 	2.227517 
7233.540111 	2.222672 
7235.560183 	2.217417 
7237.413504 	2.212668 
7239.340506 	2.208569 
7241.497553 	2.203768 
7244.001419 	2.199385 
7246.406529 	2.195123 
7249.032838 	2.190677 
7251.894244 	2.186662 
7254.427840 	2.182863 
7257.146049 	2.179423 
7259.733989 	2.176437 
7262.372490 	2.173769 
7265.048217 	2.170891 
7267.606126 	2.169189 
7270.338467 	2.166750 
7272.911809 	2.164496 
7275.589194 	2.162534 
7278.240984 	2.160513 
7280.835589 	2.157510 
7283.570560 	2.154371 
7286.133032 	2.150491 
7288.846992 	2.145534 
7291.471410 	2.139356 
7294.110065 	2.132944 
7296.839904 	2.125255 
7299.404979 	2.117384 
7302.145414 	2.108328 
7304.751295 	2.099800 
7307.431073 	2.091119 
7310.146634 	2.082900 
7312.733134 	2.075223 
7315.488532 	2.067577 
7318.085466 	2.061366 
7320.810568 	2.055148 
7323.505215 	2.049620 
7326.131532 	2.044987 
7328.893524 	2.040124 
7331.493180 	2.036308 
7334.259376 	2.032311 
7336.929674 	2.029444 
7339.593489 	2.026710 
7342.357529 	2.024376 
7344.964502 	2.021596 
7347.954980 	2.019860 
7351.065974 	2.017169 
7354.300873 	2.014549 
7357.795240 	2.011609 
7361.313537 	2.007991 
7364.574984 	2.003944 
7367.837383 	2.000195 
7371.360533 	1.994824 
7374.888726 	1.988953 
7378.140884 	1.982938 
7381.436573 	1.976135 
7384.983557 	1.968164 
7388.324615 	1.960422 
7391.574314 	1.952097 
7395.093694 	1.942979 
7398.655879 	1.933759 
7401.980474 	1.926044 
7405.253873 	1.917605 
7408.798212 	1.909275 
7412.190647 	1.901582 
7415.485714 	1.894674 
7418.995480 	1.887920 
7422.566516 	1.881685 
7425.961826 	1.876456 
7429.254812 	1.871483 
7432.594383 	1.866884 
7436.008441 	1.862813 
7439.569812 	1.859196 
7442.870103 	1.855727 
7446.265326 	1.852377 
7449.876797 	1.848788 
7453.223233 	1.845417 
7456.563719 	1.842164 
7460.173461 	1.838714 
7463.791046 	1.834547 
7467.132539 	1.830361 
7470.502345 	1.825925 
7474.131922 	1.820694 
7477.748232 	1.815262 
7481.089869 	1.809545 
7484.694688 	1.803320 
7488.715069 	1.795983 
7492.931029 	1.787622 
7497.148348 	1.779344 
7501.150042 	1.771294 
7505.155690 	1.762911 
7509.166738 	1.755155 
7513.206274 	1.747510 
7517.459430 	1.739074 
7521.707989 	1.731274 
7525.755747 	1.724074 
7529.799815 	1.716978 
7533.835821 	1.710411 
7537.883094 	1.704317 
7542.169953 	1.698410 
7546.456932 	1.692492 
7550.730419 	1.686954 
7555.032051 	1.681333 
7559.118558 	1.676636 
7563.185281 	1.671800 
7567.276548 	1.666959 
7571.395368 	1.661753 
7575.722919 	1.656569 
7580.063168 	1.650999 
7584.206237 	1.645802 
7588.325047 	1.640331 
7592.435721 	1.634376 
7596.578067 	1.628324 
7600.731502 	1.622146 
7605.087124 	1.615499 
7609.464661 	1.608764 
7613.633704 	1.601543 
7617.763946 	1.594945 
7621.906758 	1.587793 
7626.081018 	1.580605 
7630.470462 	1.573441 
7634.854797 	1.566119 
7639.055710 	1.558976 
7643.442529 	1.551927 
7647.837518 	1.544826 
7652.016295 	1.538531 
7656.647099 	1.531133 
7661.468367 	1.524068 
7666.324903 	1.517143 
7671.162951 	1.510377 
7676.021377 	1.503863 
7680.886638 	1.497504 
7685.757144 	1.491429 
7690.620747 	1.485137 
7695.516832 	1.478860 
7700.396533 	1.472386 
7705.284065 	1.466369 
7710.190244 	1.460015 
7715.083348 	1.453910 
7719.989436 	1.447698 
7724.903375 	1.441043 
7729.825571 	1.434797 
7734.745057 	1.428140 
7739.696050 	1.421283 
7744.619980 	1.414247 
7749.586594 	1.407175 
7754.540710 	1.400043 
7759.504266 	1.392842 
7764.263118 	1.386047 
7769.242103 	1.378848 
7774.212219 	1.371644 
7779.211465 	1.364523 
7784.208430 	1.357432 
7788.981270 	1.350732 
7794.004279 	1.343767 
7799.011644 	1.336868 
7804.036937 	1.330466 
7809.061672 	1.323788 
7814.103298 	1.317198 
7819.134254 	1.310685 
7824.196989 	1.304024 
7829.233744 	1.297620 
7834.296275 	1.291502 
7839.366932 	1.285168 
7844.427813 	1.278908 
7849.724845 	1.272341 
7855.039382 	1.265840 
7860.562448 	1.259115 
7866.106258 	1.252168 
7871.664471 	1.245454 
7877.205418 	1.238684 
7882.780577 	1.231547 
7888.567012 	1.224499 
7894.137132 	1.217432 
7899.732141 	1.210485 
7905.317375 	1.203484 
7910.935330 	1.196429 
7916.771173 	1.188715 
7922.407000 	1.181750 
7928.058289 	1.174684 
7933.715499 	1.167674 
7939.374147 	1.160690 
7945.061449 	1.153856 
7950.719684 	1.146758 
7956.415710 	1.139991 
7961.888351 	1.133349 
7967.600682 	1.126686 
7973.325005 	1.119921 
7979.054478 	1.113265 
7984.787917 	1.106763 
7990.541914 	1.100068 
7996.283094 	1.093483 
8002.071564 	1.087043 
8007.835814 	1.080691 
8013.621252 	1.074208 
8019.419842 	1.067656 
8025.197783 	1.061133 
8031.235040 	1.054504 
8037.066788 	1.047931 
8042.872297 	1.041318 
8048.719412 	1.034640 
8054.316612 	1.028272 
8060.151730 	1.021750 
8066.009823 	1.015268 
8071.858121 	1.008514 
8077.971954 	1.001641 
8084.082873 	0.994814 
8090.203339 	0.987545 
8096.588990 	0.980313 
8102.946444 	0.973149 
8109.336108 	0.965954 
8115.745348 	0.958855 
8121.924088 	0.951877 
8128.124289 	0.945099 
8134.315957 	0.938287 
8140.771186 	0.931131 
8147.205131 	0.924174 
8153.651357 	0.917039 
8160.111934 	0.910115 
8166.328939 	0.903458 
8172.816640 	0.896435 
8179.309373 	0.889456 
8185.573368 	0.882749 
8191.857434 	0.876174 
8198.369039 	0.869481 
8204.896901 	0.862420 
8211.423140 	0.855620 
8217.968992 	0.848625 
8224.296435 	0.841766 
8230.868572 	0.835119 
8237.469948 	0.828336 
8243.820326 	0.821868 
8250.188432 	0.815051 
8256.818875 	0.807984 
8263.427827 	0.800945 
8270.074910 	0.794240 
8276.725083 	0.787172 
8283.152939 	0.780370 
8289.601513 	0.773691 
8296.293235 	0.766696 
8303.001683 	0.759847 
8309.456642 	0.753356 
8316.172153 	0.746433 
8322.895199 	0.739626 
8329.614802 	0.732785 
8336.388685 	0.726042 
8343.150897 	0.719884 
8350.198222 	0.712794 
8357.234282 	0.705637 
8364.262844 	0.698831 
8371.325918 	0.691599 
8378.406445 	0.684660 
8385.273464 	0.677759 
8392.136675 	0.671109 
8399.256965 	0.663949 
8406.628470 	0.656675 
8413.759071 	0.649563 
8420.666574 	0.642912 
8427.842900 	0.635888 
8435.044474 	0.628883 
8442.223333 	0.622182 
8449.406462 	0.615062 
8456.618841 	0.607848 
8463.845658 	0.600824 
8470.850681 	0.594054 
8477.843845 	0.587316 
8485.105400 	0.580366 
8492.620399 	0.573130 
8500.157465 	0.565880 
8507.226023 	0.558897 
8514.285376 	0.552271 
8521.639380 	0.545283 
8528.966748 	0.538321 
8536.305746 	0.531412 
8543.665357 	0.524532 
8551.051934 	0.517557 
8558.203915 	0.510905 
8565.336525 	0.504207 
8573.016875 	0.497143 
8580.676732 	0.490115 
8588.105754 	0.483279 
8595.306950 	0.476609 
8602.497583 	0.470138 
8609.978254 	0.463248 
8617.447241 	0.456404 
8625.188728 	0.449355 
8632.713137 	0.442647 
8639.976943 	0.435957 
8647.545447 	0.429266 
