6786.414514 	1.057126 
6792.235871 	1.049130 
6798.092136 	1.040880 
6803.785318 	1.033110 
6809.498955 	1.025416 
6815.240682 	1.017657 
6821.132345 	1.009367 
6827.074054 	1.001338 
6832.824868 	0.993781 
6838.644163 	0.985860 
6844.410870 	0.977915 
6850.271878 	0.970261 
6856.229951 	0.962359 
6862.115895 	0.954367 
6867.926532 	0.946510 
6873.830520 	0.938730 
6879.667792 	0.931160 
6885.583014 	0.923242 
6891.452422 	0.915551 
6897.546667 	0.907621 
6903.609856 	0.899748 
6909.551514 	0.891910 
6915.472782 	0.884286 
6921.422329 	0.876708 
6927.376792 	0.869007 
6933.331996 	0.861180 
6939.321645 	0.853334 
6945.283822 	0.845791 
6951.470404 	0.837992 
6957.621948 	0.830351 
6963.661702 	0.822546 
6969.659759 	0.815168 
6975.740435 	0.807553 
6981.768076 	0.799870 
6987.890547 	0.792261 
6993.945477 	0.784683 
7000.083987 	0.777097 
7006.339301 	0.769275 
7012.504270 	0.761893 
7018.620705 	0.754288 
7024.798334 	0.746663 
7030.943150 	0.739356 
7037.135716 	0.731840 
7043.323185 	0.724448 
7049.532496 	0.717046 
7055.747830 	0.709742 
7061.958496 	0.702460 
7068.204622 	0.695237 
7073.025383 	0.689722 
7074.794101 	0.688258 
7075.108070 	0.686975 
7075.430555 	0.687166 
7075.774291 	0.686847 
7076.164748 	0.686274 
7076.559496 	0.685890 
7076.950043 	0.685827 
7077.349128 	0.684869 
7077.731274 	0.684809 
7078.092229 	0.684361 
7078.448976 	0.683853 
7078.776026 	0.683983 
7079.077620 	0.683094 
7079.396235 	0.683352 
7079.719128 	0.682207 
7080.067547 	0.681825 
7080.462748 	0.682338 
7080.853745 	0.681260 
7081.240537 	0.681073 
7081.640126 	0.680564 
7082.018503 	0.680252 
7082.375662 	0.679748 
7082.728607 	0.679370 
7083.051816 	0.680074 
7083.353790 	0.678744 
7083.672806 	0.678175 
7084.000360 	0.677987 
7084.353473 	0.677681 
7084.749173 	0.677938 
7085.144919 	0.676421 
7085.536456 	0.676740 
7085.936550 	0.676118 
7086.311149 	0.675548 
7086.673017 	0.675490 
7087.026408 	0.675181 
7087.341510 	0.675257 
7087.652383 	0.674555 
7087.971802 	0.674059 
7088.295511 	0.674261 
7088.653330 	0.673060 
7089.058052 	0.673510 
7089.454301 	0.672822 
7089.846333 	0.672446 
7090.242673 	0.671950 
7090.617747 	0.671835 
7090.975811 	0.671838 
7091.325386 	0.670899 
7091.640886 	0.670779 
7091.943624 	0.670285 
7092.267711 	0.669847 
7092.596094 	0.669986 
7092.958631 	0.669615 
7093.359600 	0.668685 
7093.747817 	0.669436 
7094.140345 	0.668825 
7094.537185 	0.668203 
7094.908465 	0.667702 
7095.266980 	0.667778 
7095.612727 	0.667731 
7095.928626 	0.667482 
7096.236015 	0.667046 
7096.560511 	0.666811 
7096.889308 	0.666623 
7097.260844 	0.666248 
7097.666591 	0.666197 
7098.059571 	0.665397 
7098.452596 	0.665344 
7098.849940 	0.665729 
7099.217417 	0.665492 
7099.580660 	0.665368 
7099.926845 	0.665128 
7100.238870 	0.664637 
7100.550923 	0.664334 
7100.871555 	0.664772 
7101.209320 	0.664599 
7101.585604 	0.664045 
7101.991866 	0.664416 
7102.381068 	0.664049 
7102.778870 	0.664183 
7103.172440 	0.664504 
7103.536105 	0.664307 
7103.899809 	0.664631 
7104.237875 	0.664078 
7104.546014 	0.664261 
7104.858461 	0.664328 
7105.183780 	0.665332 
7105.517691 	0.665015 
7105.894451 	0.665589 
7106.296945 	0.665902 
7106.686639 	0.666572 
7107.084944 	0.667627 
7107.479011 	0.669056 
7107.843136 	0.670607 
7108.203015 	0.673456 
7108.545792 	0.677745 
7108.854321 	0.683505 
7109.171449 	0.688154 
7109.497179 	0.691817 
7109.835800 	0.692894 
7110.221611 	0.692704 
7110.628904 	0.692133 
7111.019093 	0.692324 
7111.422192 	0.692640 
7111.812472 	0.692071 
7112.177060 	0.692704 
7112.537396 	0.694034 
7112.872028 	0.696828 
7113.185239 	0.701478 
7113.502770 	0.707562 
7113.833205 	0.716657 
7114.176549 	0.729234 
7114.571436 	0.745380 
7114.974955 	0.767109 
7115.365641 	0.797460 
7115.764960 	0.839861 
7116.151442 	0.896395 
7116.516493 	0.971232 
7116.872993 	1.069003 
7117.203754 	1.189439 
7117.508770 	1.326404 
7117.831000 	1.469296 
7118.153260 	1.598859 
7118.501336 	1.698213 
7118.901021 	1.779109 
7119.300754 	1.853628 
7119.691935 	1.931376 
7120.096059 	2.011959 
7120.478732 	2.087018 
7120.844246 	2.142703 
7121.205498 	2.173762 
7121.532378 	2.176544 
7121.837781 	2.154038 
7122.160419 	2.112121 
7122.491693 	2.061804 
7122.848816 	2.006324 
7123.249010 	1.955563 
7123.649252 	1.910084 
7124.040931 	1.875183 
7124.445570 	1.851150 
7124.828729 	1.835806 
7125.199014 	1.825481 
7125.556421 	1.812913 
7125.879410 	1.800093 
7126.189509 	1.781464 
7126.516865 	1.761005 
7126.844253 	1.738850 
7127.206140 	1.719562 
7127.611154 	1.699676 
7128.007596 	1.683831 
7128.404085 	1.671867 
7128.804930 	1.662990 
7129.179956 	1.658340 
7129.546401 	1.657349 
7129.899950 	1.660230 
7130.219038 	1.665401 
7130.529530 	1.671251 
7130.852989 	1.676456 
7131.185106 	1.680645 
7131.551766 	1.683150 
7131.957294 	1.684303 
7132.354240 	1.684282 
7132.751233 	1.681791 
7133.156903 	1.680020 
7133.532407 	1.675828 
7133.899318 	1.672045 
7134.253317 	1.668657 
7134.568492 	1.666210 
7134.883697 	1.664344 
7135.207568 	1.662600 
7135.544426 	1.662014 
7135.920192 	1.661734 
7136.326238 	1.660971 
7136.723691 	1.660664 
7137.125511 	1.660002 
7137.527379 	1.659231 
7137.903362 	1.656988 
7138.270742 	1.653962 
7138.616547 	1.652224 
7138.932124 	1.649652 
7139.247731 	1.647166 
7139.576339 	1.645237 
7139.913627 	1.642749 
7140.294196 	1.639640 
7140.700761 	1.637790 
7141.094396 	1.634178 
7141.496729 	1.631311 
7141.894782 	1.627289 
7142.262590 	1.623224 
7142.630437 	1.618859 
7142.972354 	1.612358 
7143.284004 	1.606840 
7143.604341 	1.600259 
7143.929037 	1.594635 
7144.271083 	1.588771 
7144.656468 	1.583311 
7145.067881 	1.577489 
7145.462017 	1.572811 
7145.864863 	1.568275 
7146.263424 	1.563162 
7146.631700 	1.558524 
7147.000016 	1.553297 
7147.342369 	1.548661 
7147.650082 	1.544363 
7147.970827 	1.538262 
7148.300272 	1.533638 
7148.647090 	1.528630 
7149.041638 	1.523514 
7149.449240 	1.518702 
7149.843880 	1.514076 
7150.251578 	1.510899 
7150.641973 	1.507576 
7151.010720 	1.504486 
7151.375167 	1.502444 
7151.713617 	1.500249 
7152.021722 	1.499563 
7152.342876 	1.498126 
7152.672740 	1.497535 
7153.020000 	1.497631 
7153.415051 	1.498725 
7153.818831 	1.499224 
7154.213974 	1.500726 
7154.617848 	1.502949 
7155.013083 	1.504956 
7155.377955 	1.507595 
7155.742866 	1.510238 
7156.077402 	1.514407 
7156.390245 	1.517135 
7156.711807 	1.520658 
7157.046437 	1.524255 
7157.398486 	1.527548 
7157.798387 	1.531719 
7158.202683 	1.536511 
7158.598330 	1.540111 
7159.007069 	1.545525 
7159.398459 	1.549428 
7159.763798 	1.554446 
7160.129175 	1.558958 
7160.459787 	1.564038 
7160.773029 	1.569266 
7161.099352 	1.573039 
7161.434410 	1.578426 
7161.786909 	1.583480 
7162.196026 	1.587437 
7162.600839 	1.592038 
7162.996993 	1.596473 
7163.401900 	1.600300 
7163.789437 	1.603896 
7164.155242 	1.607817 
7164.516731 	1.611624 
7164.843410 	1.614505 
7165.480886 	1.619637 
7166.977603 	1.630036 
7168.874129 	1.643102 
7170.598911 	1.649815 
7172.560298 	1.647890 
7174.468201 	1.641503 
7176.578211 	1.634449 
7178.338342 	1.629474 
7180.178127 	1.624597 
7182.068801 	1.617287 
7183.810713 	1.606360 
7185.954352 	1.589078 
7187.857549 	1.567650 
7189.811228 	1.546855 
7191.565832 	1.527043 
7193.434644 	1.510090 
7195.481574 	1.495804 
7197.263024 	1.486923 
7199.219170 	1.482289 
7201.130422 	1.481582 
7203.092501 	1.484043 
7204.845928 	1.488562 
7206.742213 	1.494510 
7208.780122 	1.501258 
7210.586457 	1.507375 
7212.533587 	1.512713 
7214.453531 	1.517108 
7216.429364 	1.520470 
7218.182477 	1.522324 
7220.103781 	1.522744 
7222.135834 	1.522348 
7223.963542 	1.520427 
7225.902312 	1.517861 
7227.837802 	1.514990 
7229.826598 	1.512128 
7231.579387 	1.509066 
7233.525893 	1.506606 
7235.551292 	1.503820 
7237.401271 	1.501080 
7239.330121 	1.498466 
7241.484192 	1.494359 
7243.989959 	1.488611 
7246.592358 	1.481307 
7249.194152 	1.473414 
7251.882120 	1.464948 
7254.415068 	1.457366 
7257.132629 	1.450463 
7259.718000 	1.444804 
7262.359050 	1.439084 
7265.033485 	1.434528 
7267.592024 	1.429617 
7270.323713 	1.424677 
7272.896401 	1.419917 
7275.575060 	1.415271 
7278.226196 	1.410866 
7280.822721 	1.408027 
7283.557037 	1.406035 
7286.118855 	1.405220 
7288.832804 	1.404751 
7291.457857 	1.403801 
7294.096502 	1.402490 
7296.826976 	1.400543 
7299.392689 	1.397628 
7302.131820 	1.394128 
7304.737691 	1.389873 
7307.418755 	1.385094 
7310.133658 	1.379951 
7312.722095 	1.374292 
7315.476186 	1.368922 
7318.069859 	1.362895 
7320.796250 	1.357263 
7323.489584 	1.351211 
7326.115238 	1.345635 
7328.879174 	1.340082 
7331.474903 	1.334714 
7334.243044 	1.329775 
7336.910061 	1.325258 
7339.575824 	1.320623 
7342.335267 	1.316346 
7344.941568 	1.312060 
7347.910221 	1.307663 
7351.185184 	1.303070 
7354.410803 	1.298750 
7357.728234 	1.294863 
7361.251073 	1.290543 
7364.508683 	1.286487 
7367.779420 	1.282379 
7371.306106 	1.277800 
7374.834760 	1.273099 
7378.087061 	1.268507 
7381.388686 	1.263862 
7384.935622 	1.258761 
7388.274120 	1.254114 
7391.524741 	1.249281 
7395.047690 	1.244342 
7398.611381 	1.239342 
7401.935611 	1.234284 
7405.210330 	1.228991 
7408.758258 	1.223489 
7412.334130 	1.217601 
7415.647330 	1.212344 
7418.955932 	1.207024 
7422.528491 	1.201516 
7425.922526 	1.195954 
7429.212541 	1.190892 
7432.758799 	1.185434 
7436.354588 	1.180012 
7439.743839 	1.174881 
7442.832385 	1.170295 
7446.230195 	1.165352 
7449.840580 	1.160526 
7453.392603 	1.155633 
7456.715039 	1.151081 
7460.137140 	1.147311 
7463.755743 	1.142593 
7467.097532 	1.138687 
7470.470143 	1.134433 
7474.098102 	1.130049 
7477.711734 	1.125362 
7481.052344 	1.120983 
7484.661299 	1.116402 
7488.679255 	1.111319 
7492.894087 	1.105683 
7497.111015 	1.099949 
7501.114105 	1.094397 
7505.119713 	1.089013 
7509.132162 	1.083414 
7513.183197 	1.077749 
7517.470369 	1.071663 
7521.750396 	1.065809 
7525.789517 	1.060172 
7529.826861 	1.054589 
7533.858546 	1.049050 
7537.900519 	1.043544 
7542.181848 	1.037815 
7546.466636 	1.032037 
7550.738368 	1.026653 
7555.036428 	1.021087 
7559.120506 	1.015865 
7563.187230 	1.010725 
7567.278988 	1.005676 
7571.395368 	1.000564 
7575.722474 	0.995240 
7580.062189 	0.989940 
7584.205747 	0.984890 
7588.322102 	0.979759 
7592.432282 	0.974518 
7596.575116 	0.969701 
7600.730025 	0.964647 
7605.083090 	0.959132 
7609.459725 	0.954113 
7613.628268 	0.949181 
7617.759493 	0.944087 
7621.899824 	0.938975 
7626.072093 	0.933784 
7630.462339 	0.928319 
7634.844359 	0.923174 
7639.046255 	0.918020 
7643.430753 	0.912829 
7647.825547 	0.907303 
7652.003811 	0.902319 
7656.635016 	0.896579 
7661.455168 	0.890799 
7666.313624 	0.884839 
7671.149262 	0.878976 
7676.007555 	0.873352 
7680.872912 	0.867411 
7685.743285 	0.861637 
7690.602398 	0.855810 
7695.499569 	0.850180 
7700.378136 	0.844537 
7705.264646 	0.838905 
7710.168110 	0.833445 
7715.063455 	0.827910 
7719.970479 	0.822500 
7724.883429 	0.817197 
7729.803783 	0.811467 
7734.723782 	0.805926 
7739.676528 	0.800283 
7744.596943 	0.794656 
7749.563758 	0.789037 
7754.520605 	0.783612 
7759.481370 	0.778034 
7764.240661 	0.772773 
7769.221490 	0.767039 
7774.190640 	0.761355 
7779.187783 	0.755694 
7784.185383 	0.750087 
7789.184450 	0.744538 
7794.191657 	0.739083 
7798.988506 	0.733771 
7804.015699 	0.728319 
7809.040840 	0.722672 
7814.078961 	0.717125 
7819.109568 	0.711543 
7824.173459 	0.705996 
7829.210897 	0.700403 
7834.270060 	0.694787 
7839.343546 	0.689127 
7844.400214 	0.683760 
7849.696330 	0.677881 
7855.233628 	0.671940 
7860.753355 	0.665965 
7866.077179 	0.660669 
7871.635146 	0.655016 
7877.176696 	0.649271 
7882.752392 	0.643331 
7888.536329 	0.637341 
7894.107394 	0.631573 
7899.702599 	0.625479 
7905.284435 	0.619649 
7910.904879 	0.613700 
7916.744385 	0.607701 
7922.376148 	0.601725 
7928.031008 	0.596104 
7933.688592 	0.590231 
7939.347200 	0.584557 
7945.033113 	0.578754 
7950.695152 	0.572922 
7956.389997 	0.567124 
7961.862150 	0.561653 
7967.576460 	0.555893 
7973.301444 	0.550210 
7979.029347 	0.544460 
7984.764741 	0.539078 
7990.517968 	0.533303 
7996.259849 	0.527754 
8002.049232 	0.521971 
8007.812956 	0.516213 
8013.598431 	0.510473 
8019.397833 	0.504892 
8025.178285 	0.499293 
8031.210842 	0.493446 
8037.040534 	0.487828 
8042.849304 	0.482120 
8048.695851 	0.476486 
8054.291629 	0.470979 
8060.128207 	0.465407 
8065.986157 	0.459601 
8071.830666 	0.454114 
8077.947035 	0.448113 
8084.058775 	0.442240 
8090.176617 	0.437022 
8096.563736 	0.431168 
8102.921365 	0.425239 
8109.305544 	0.419240 
8115.718453 	0.413271 
8121.896281 	0.407471 
8128.097744 	0.401498 
8134.289370 	0.395834 
8140.745241 	0.389994 
8147.180644 	0.384098 
8153.628175 	0.378078 
8160.089121 	0.372172 
8166.304333 	0.366327 
8172.793754 	0.360368 
8179.287331 	0.354388 
8185.544669 	0.348751 
8191.829131 	0.343161 
8198.342303 	0.337240 
8204.868061 	0.331241 
8211.394666 	0.325166 
8217.940503 	0.319300 
8224.266117 	0.313640 
8230.837056 	0.307796 
8237.440424 	0.301977 
8243.790756 	0.296295 
8250.160609 	0.290696 
8256.791745 	0.285011 
8263.398562 	0.279064 
8270.043921 	0.273288 
8276.696624 	0.267584 
8283.123982 	0.261903 
8289.573416 	0.256459 
8296.264573 	0.250601 
8302.972128 	0.244862 
8309.428861 	0.239123 
8316.148009 	0.233079 
8322.867782 	0.227333 
8329.588027 	0.221598 
8336.361636 	0.216179 
8343.119767 	0.210699 
8350.170456 	0.204633 
8357.205612 	0.198878 
8364.232839 	0.192776 
8371.297578 	0.186802 
8378.376335 	0.180909 
8385.241911 	0.175175 
8392.106031 	0.169508 
8399.226268 	0.163541 
8406.596533 	0.157441 
8413.977492 	0.151524 
8420.901915 	0.145911 
8427.811552 	0.140334 
8435.015252 	0.134477 
8442.194060 	0.128655 
8449.378888 	0.122617 
8456.590780 	0.116700 
8463.817108 	0.110917 
8470.818935 	0.105610 
8477.817401 	0.099920 
8485.077586 	0.093951 
8492.593979 	0.087962 
8500.132650 	0.081860 
8507.199254 	0.076026 
8514.258698 	0.070488 
8521.613100 	0.064578 
8528.938191 	0.059021 
8536.276245 	0.053346 
8543.637594 	0.047542 
8551.021430 	0.041794 
8558.443568 	0.036083 
8565.563639 	0.030530 
8572.986992 	0.024679 
8580.650980 	0.018804 
8588.078598 	0.012959 
8595.276190 	0.007446 
8602.468972 	0.002057 
8609.950501 	-0.003590 
8617.418983 	-0.009258 
8625.161452 	-0.015105 
8632.686535 	-0.020695 
8639.947158 	-0.026230 
8647.517904 	-0.031945 
