6786.591704 	1.857740 
6792.259330 	1.848511 
6798.000623 	1.838941 
6803.698423 	1.829601 
6809.466722 	1.820596 
6815.354150 	1.810971 
6821.151230 	1.801467 
6826.917204 	1.791963 
6832.899249 	1.782093 
6838.682369 	1.772867 
6844.529845 	1.763266 
6850.347020 	1.753966 
6856.210524 	1.744878 
6862.071483 	1.735600 
6867.951345 	1.725948 
6873.825990 	1.716540 
6879.714705 	1.707111 
6885.633798 	1.697798 
6891.555511 	1.688444 
6897.526772 	1.679204 
6903.466080 	1.669891 
6909.465216 	1.660170 
6915.422660 	1.650942 
6921.455017 	1.641695 
6927.439952 	1.632260 
6933.497400 	1.623204 
6939.500265 	1.613837 
6945.414695 	1.605099 
6951.443928 	1.595928 
6957.547956 	1.586774 
6963.594801 	1.577669 
6969.712008 	1.568206 
6975.620967 	1.559243 
6981.747036 	1.549769 
6987.862753 	1.540322 
6994.012903 	1.530963 
7000.157760 	1.521665 
7006.319438 	1.512861 
7012.497533 	1.503815 
7018.495349 	1.495150 
7024.707506 	1.485769 
7030.888214 	1.476827 
7037.131832 	1.467681 
7043.327553 	1.458632 
7049.428500 	1.450154 
7055.640954 	1.441465 
7061.945844 	1.432603 
7068.181803 	1.423949 
7073.106800 	1.416962 
7074.938353 	1.414099 
7075.332958 	1.413550 
7075.710633 	1.413390 
7076.101084 	1.412977 
7076.294203 	1.412829 
7076.487334 	1.412682 
7076.843912 	1.411731 
7077.359743 	1.410877 
7077.824694 	1.410305 
7078.130451 	1.409850 
7078.444729 	1.409132 
7078.767531 	1.408595 
7079.128597 	1.408272 
7079.523689 	1.408265 
7079.901831 	1.407419 
7080.292763 	1.406939 
7080.679491 	1.406100 
7081.036509 	1.405779 
7081.389314 	1.405855 
7081.729402 	1.404999 
7082.031258 	1.404534 
7082.333142 	1.404070 
7082.647809 	1.404285 
7082.966758 	1.403368 
7083.324017 	1.403126 
7083.719597 	1.401902 
7084.106715 	1.401596 
7084.493877 	1.401586 
7084.889594 	1.400978 
7085.255566 	1.400889 
7085.608810 	1.400050 
7085.945063 	1.399585 
7086.255808 	1.399128 
7086.553810 	1.398513 
7086.868868 	1.398506 
7087.192472 	1.398815 
7087.541658 	1.396974 
7087.933470 	1.395234 
7088.321068 	1.396745 
7088.704450 	1.396290 
7089.096397 	1.395450 
7089.467083 	1.394535 
7089.816503 	1.394234 
7090.161697 	1.394300 
7090.477090 	1.393924 
7090.928920 	1.392860 
7091.406390 	1.392331 
7091.747481 	1.392403 
7092.135514 	1.391649 
7092.523591 	1.391719 
7092.713381 	1.391493 
7092.903182 	1.391267 
7093.295612 	1.390435 
7093.671023 	1.390360 
7094.020875 	1.389755 
7094.528650 	1.389641 
7094.985286 	1.388548 
7095.301127 	1.388699 
7095.621265 	1.388247 
7095.958510 	1.387946 
7096.342753 	1.387270 
7096.735581 	1.387194 
7097.119912 	1.385844 
7097.512829 	1.386070 
7097.892976 	1.385321 
7098.243262 	1.385321 
7098.593584 	1.385096 
7098.918305 	1.385021 
7099.217417 	1.383752 
7099.525103 	1.384947 
7099.845638 	1.383529 
7100.179027 	1.383827 
7100.559473 	1.383829 
7100.952786 	1.383680 
7101.333318 	1.382858 
7101.726721 	1.382638 
7102.111616 	1.382039 
7102.466613 	1.382790 
7102.817370 	1.382119 
7103.146771 	1.381747 
7103.446255 	1.381528 
7103.754323 	1.381080 
7104.070977 	1.381903 
7104.396220 	1.381528 
7104.764296 	1.381680 
7105.158096 	1.381829 
7105.543378 	1.381679 
7105.937268 	1.382425 
7106.322638 	1.381979 
7106.686639 	1.383170 
7107.037830 	1.383243 
7107.376207 	1.383764 
7107.684630 	1.385550 
7108.153744 	1.388121 
7108.640062 	1.393851 
7109.008596 	1.398434 
7109.407172 	1.403962 
7109.597905 	1.405474 
7109.788648 	1.406988 
7110.183028 	1.408666 
7110.573166 	1.409899 
7110.933333 	1.412717 
7111.289250 	1.415791 
7111.780305 	1.426291 
7112.237113 	1.441330 
7112.554556 	1.456191 
7112.876319 	1.471886 
7113.236729 	1.487153 
7113.631507 	1.496628 
7114.013456 	1.500811 
7114.404033 	1.504635 
7114.794653 	1.508586 
7115.163853 	1.520261 
7115.515917 	1.538415 
7115.859429 	1.563414 
7116.172915 	1.589860 
7116.473544 	1.613382 
7116.787086 	1.631516 
7117.109247 	1.645291 
7117.457216 	1.659138 
7117.852483 	1.677201 
7118.243499 	1.701117 
7118.630261 	1.738870 
7119.029962 	1.789535 
7119.403918 	1.851985 
7119.760719 	1.923721 
7120.108958 	2.005334 
7120.427133 	2.091322 
7120.732437 	2.175197 
7121.046370 	2.255201 
7121.368934 	2.330905 
7121.713035 	2.399605 
7122.104493 	2.461552 
7122.500298 	2.527066 
7122.883239 	2.593517 
7123.279134 	2.664099 
7123.657859 	2.737538 
7124.015104 	2.807977 
7124.368082 	2.864842 
7124.686654 	2.901585 
7124.988033 	2.909043 
7125.461683 	2.882706 
7125.956932 	2.829502 
7126.340261 	2.788707 
7126.736557 	2.750668 
7126.928259 	2.730885 
7127.119973 	2.711478 
7127.516359 	2.677874 
7127.899863 	2.648402 
7128.257551 	2.625830 
7128.610967 	2.613795 
7129.089429 	2.609802 
7129.550713 	2.619459 
7129.874079 	2.633124 
7130.206101 	2.645550 
7130.589907 	2.651623 
7130.986695 	2.647788 
7131.379215 	2.634755 
7131.776094 	2.612463 
7132.168705 	2.579920 
7132.531155 	2.545179 
7132.889328 	2.506846 
7133.221642 	2.468903 
7133.523774 	2.434434 
7133.834566 	2.401791 
7134.154021 	2.373953 
7134.486458 	2.348275 
7134.857789 	2.329092 
7135.259390 	2.315427 
7135.648082 	2.303255 
7136.041137 	2.294161 
7136.434237 	2.287497 
7136.797139 	2.283227 
7137.151437 	2.281924 
7137.488486 	2.279915 
7137.795317 	2.276731 
7138.102174 	2.276473 
7138.422027 	2.273745 
7138.750556 	2.272015 
7139.113703 	2.273071 
7139.511479 	2.272333 
7139.900653 	2.274009 
7140.289872 	2.273640 
7140.687785 	2.275551 
7141.055463 	2.279471 
7141.410202 	2.280187 
7141.756324 	2.279724 
7142.067863 	2.280493 
7142.533062 	2.276060 
7143.024294 	2.270883 
7143.383565 	2.264632 
7143.781838 	2.257909 
7143.978827 	2.253762 
7144.175827 	2.249638 
7144.569861 	2.240680 
7144.968271 	2.230949 
7145.345071 	2.221322 
7145.700254 	2.213151 
7146.046809 	2.202453 
7146.512548 	2.188344 
7146.982683 	2.174576 
7147.307699 	2.167587 
7147.658751 	2.161564 
7148.057520 	2.154289 
7148.447665 	2.149712 
7148.837854 	2.144215 
7149.236760 	2.138675 
7149.614030 	2.136010 
7149.973992 	2.130885 
7150.325316 	2.128393 
7150.646311 	2.124812 
7150.945644 	2.120190 
7151.262358 	2.119215 
7151.587779 	2.116592 
7151.930590 	2.114408 
7152.321175 	2.114021 
7152.716146 	2.114460 
7153.102480 	2.116497 
7153.506223 	2.117154 
7153.892646 	2.120580 
7154.253057 	2.122627 
7154.609162 	2.126949 
7154.939244 	2.132868 
7155.243295 	2.138282 
7155.560406 	2.144671 
7155.886235 	2.149913 
7156.225130 	2.157009 
7156.616204 	2.162063 
7157.016015 	2.170438 
7157.402832 	2.174693 
7157.802734 	2.180123 
7158.189640 	2.186583 
7158.550502 	2.191061 
7158.911402 	2.195698 
7159.246247 	2.199482 
7159.550679 	2.203201 
7160.022602 	2.208703 
7160.520693 	2.212973 
7160.899204 	2.214811 
7161.101528 	2.216367 
7161.303864 	2.217926 
7161.691165 	2.221487 
7162.091566 	2.224968 
7162.483308 	2.226642 
7162.848974 	2.230138 
7163.205972 	2.234560 
7163.697992 	2.239499 
7164.159597 	2.244709 
7164.481887 	2.248865 
7164.812918 	2.253108 
7165.581092 	2.261923 
7167.126672 	2.276923 
7168.810458 	2.291943 
7170.681814 	2.301602 
7172.636262 	2.303862 
7174.597063 	2.304087 
7176.457579 	2.301404 
7178.138938 	2.296556 
7180.250613 	2.287645 
7182.118708 	2.278916 
7184.021834 	2.271810 
7185.943395 	2.263297 
7187.945252 	2.252423 
7189.780515 	2.242420 
7191.500863 	2.233521 
7193.443429 	2.226351 
7195.313111 	2.219268 
7197.403073 	2.209815 
7199.134260 	2.199699 
7200.950826 	2.189046 
7202.989438 	2.178796 
7204.919961 	2.171216 
7206.849798 	2.166309 
7208.528369 	2.163340 
7210.447860 	2.160932 
7212.377541 	2.158640 
7214.404039 	2.156596 
7216.417868 	2.155249 
7218.378010 	2.153118 
7220.289685 	2.151474 
7221.982750 	2.148698 
7223.924770 	2.144158 
7225.835070 	2.138624 
7227.905230 	2.133650 
7229.728951 	2.130662 
7231.495900 	2.128691 
7233.604540 	2.127819 
7235.498386 	2.128529 
7237.453316 	2.128856 
7239.351633 	2.129720 
7241.462667 	2.129193 
7243.785356 	2.127757 
7246.611472 	2.125234 
7249.085120 	2.123599 
7251.892090 	2.123928 
7254.476904 	2.125463 
7257.023189 	2.128271 
7259.852947 	2.128899 
7262.330249 	2.128029 
7264.998897 	2.123064 
7267.545232 	2.115804 
7270.133195 	2.106361 
7272.758382 	2.095597 
7275.461829 	2.084250 
7278.327140 	2.074301 
7280.861326 	2.064814 
7283.481055 	2.055837 
7286.101456 	2.046784 
7288.639986 	2.039691 
7291.511988 	2.034538 
7294.027933 	2.031829 
7296.706108 	2.029555 
7299.491010 	2.027391 
7302.056082 	2.023425 
7304.758421 	2.019269 
7307.276777 	2.014120 
7310.153447 	2.007943 
7312.924032 	2.002193 
7315.523622 	1.997906 
7318.223980 	1.994740 
7320.755251 	1.992000 
7323.647850 	1.989235 
7326.209529 	1.986089 
7328.874853 	1.982967 
7331.744504 	1.978452 
7334.291387 	1.974883 
7337.019242 	1.971125 
7339.560121 	1.966858 
7342.446416 	1.962258 
7345.097085 	1.957383 
7347.883506 	1.951665 
7351.318949 	1.945939 
7354.551078 	1.941137 
7357.719539 	1.937690 
7361.147139 	1.932293 
7364.590871 	1.925591 
7367.990245 	1.918372 
7371.379531 	1.910890 
7374.827050 	1.904485 
7378.283580 	1.899187 
7381.493987 	1.894596 
7384.730489 	1.890565 
7388.200281 	1.885495 
7391.637831 	1.880119 
7395.048207 	1.874563 
7398.492896 	1.870173 
7401.981833 	1.865632 
7405.234823 	1.860687 
7408.469769 	1.855645 
7411.958100 	1.849286 
7415.449843 	1.841495 
7418.879959 	1.833457 
7422.333163 	1.825157 
7425.837151 	1.817230 
7429.326831 	1.809965 
7432.560299 	1.803960 
7436.056387 	1.798247 
7439.760326 	1.793158 
7443.063412 	1.788940 
7446.316713 	1.785364 
7449.833232 	1.782203 
7453.365283 	1.779224 
7456.841910 	1.776038 
7460.329801 	1.773053 
7463.863762 	1.769125 
7467.410164 	1.764826 
7470.685400 	1.761036 
7474.007213 	1.756155 
7477.569446 	1.750534 
7481.096554 	1.744617 
7484.585248 	1.737869 
7488.528451 	1.730434 
7492.656754 	1.723175 
7496.801615 	1.715842 
7501.159407 	1.707874 
7505.321669 	1.700587 
7509.263745 	1.694194 
7513.217331 	1.687352 
7517.380230 	1.681164 
7521.532102 	1.675170 
7525.722766 	1.669927 
7529.911866 	1.665260 
7534.067824 	1.660501 
7538.252439 	1.655923 
7542.220310 	1.651017 
7546.412383 	1.645489 
7550.606200 	1.638956 
7554.828106 	1.632242 
7559.045527 	1.625508 
7563.246475 	1.618857 
7567.469789 	1.611925 
7571.465226 	1.605270 
7575.478245 	1.598269 
7579.729935 	1.591926 
7584.175397 	1.585000 
7588.423205 	1.578710 
7592.473554 	1.573375 
7596.707482 	1.568263 
7600.931935 	1.563220 
7604.988250 	1.558404 
7609.276730 	1.553481 
7613.553153 	1.548210 
7617.834470 	1.542892 
7622.133612 	1.537568 
7626.190605 	1.531914 
7630.470462 	1.526201 
7634.767815 	1.519873 
7639.082671 	1.514289 
7643.392437 	1.508092 
7647.716403 	1.502014 
7652.241740 	1.495535 
7656.748991 	1.489355 
7661.488468 	1.482116 
7666.444381 	1.475213 
7671.178922 	1.468672 
7675.949337 	1.462357 
7680.920456 	1.455534 
7685.679035 	1.449372 
7690.484089 	1.443328 
7695.473885 	1.436839 
7700.250738 	1.430578 
7705.069616 	1.424464 
7710.076075 	1.418177 
7714.870066 	1.412195 
7719.706601 	1.405988 
7724.729382 	1.399413 
7729.760208 	1.392705 
7734.598339 	1.385959 
7739.429380 	1.379570 
7744.484315 	1.372740 
7749.553777 	1.366177 
7754.406590 	1.360019 
7759.268304 	1.354142 
7764.350102 	1.347733 
7769.432779 	1.342058 
7774.328089 	1.336075 
7779.201561 	1.329989 
7784.299640 	1.323566 
7789.416725 	1.317123 
7794.334554 	1.311377 
7799.233703 	1.305206 
7804.163106 	1.299460 
7809.084556 	1.293174 
7814.219769 	1.286468 
7819.165111 	1.279981 
7824.106791 	1.273464 
7829.265081 	1.266896 
7834.451819 	1.260393 
7839.399387 	1.254458 
7844.379187 	1.248462 
7849.588414 	1.242271 
7855.015051 	1.235496 
7860.670067 	1.228913 
7866.115070 	1.222130 
7871.561020 	1.215727 
7877.242739 	1.209131 
7882.920688 	1.202586 
7888.602195 	1.195719 
7894.310609 	1.188933 
7900.009103 	1.182375 
7905.524371 	1.175622 
7911.025862 	1.168953 
7916.753451 	1.161838 
7922.287618 	1.154725 
7927.813183 	1.147957 
7933.576275 	1.141212 
7939.363783 	1.134477 
7944.912126 	1.127883 
7950.488512 	1.121771 
7956.286557 	1.115139 
7961.851308 	1.109146 
7967.468717 	1.102913 
7973.281927 	1.096459 
7979.107254 	1.089979 
7984.950189 	1.083526 
7990.778019 	1.077221 
7996.422568 	1.070464 
8002.047547 	1.064172 
8007.912580 	1.057679 
8013.805093 	1.050881 
8019.682015 	1.044089 
8025.362144 	1.037439 
8031.049949 	1.030805 
8036.961950 	1.024402 
8042.671713 	1.018661 
8048.381827 	1.012716 
8054.323196 	1.006552 
8060.058066 	1.000420 
8065.788951 	0.994367 
8071.763318 	0.987786 
8077.741240 	0.981378 
8083.945880 	0.974576 
8090.401415 	0.967880 
8096.626486 	0.961429 
8102.859410 	0.954727 
8109.131939 	0.948486 
8115.386052 	0.942025 
8121.674267 	0.935495 
8127.958773 	0.928586 
8134.483017 	0.921742 
8141.007126 	0.914856 
8147.308331 	0.908182 
8153.635495 	0.901650 
8159.972427 	0.894473 
8166.322286 	0.887492 
8172.681589 	0.880815 
8179.053946 	0.874367 
8185.436494 	0.868116 
8191.818392 	0.861542 
8198.443488 	0.854596 
8205.083350 	0.847804 
8211.498691 	0.841256 
8217.942506 	0.834921 
8224.370001 	0.828540 
8230.833323 	0.821757 
8237.280285 	0.815264 
8243.743008 	0.808735 
8250.447915 	0.801805 
8257.162818 	0.795195 
8263.674115 	0.788887 
8270.185467 	0.782261 
8276.705658 	0.775740 
8283.009514 	0.769430 
8289.550077 	0.763079 
8296.353933 	0.756751 
8303.143127 	0.750122 
8309.715329 	0.743581 
8316.301352 	0.736758 
8322.907536 	0.729840 
8329.528527 	0.723191 
8336.406140 	0.716357 
8343.284798 	0.709986 
8350.173873 	0.703456 
8357.281981 	0.696535 
8364.452743 	0.689403 
8371.381311 	0.682565 
8378.330740 	0.675871 
8385.286456 	0.669281 
8392.475208 	0.662430 
8399.684587 	0.655312 
8406.657374 	0.648582 
8413.680270 	0.641695 
8420.691783 	0.634892 
8427.721428 	0.628498 
8434.996206 	0.621820 
8442.262656 	0.614812 
8449.337309 	0.608184 
8456.403566 	0.601614 
8463.497366 	0.595177 
8470.844932 	0.588671 
8478.178366 	0.582085 
8485.537179 	0.575611 
8492.924244 	0.568954 
8500.090112 	0.562507 
8507.232032 	0.556161 
8514.393866 	0.549642 
8521.799080 	0.542927 
8529.218863 	0.536344 
8536.441636 	0.530147 
8543.660879 	0.523920 
8550.915566 	0.517519 
8558.149232 	0.510995 
8565.643014 	0.504044 
8573.158539 	0.497365 
8580.431870 	0.490841 
8587.747769 	0.484045 
8595.057463 	0.477830 
8602.655177 	0.471354 
