6786.541571 	0.725382 
6792.208460 	0.718272 
6797.952265 	0.710775 
6803.651501 	0.703463 
6809.421022 	0.696128 
6815.312223 	0.688664 
6821.274307 	0.681401 
6827.036203 	0.674439 
6832.861987 	0.667214 
6838.650091 	0.660419 
6844.496190 	0.653365 
6850.319695 	0.646191 
6856.187124 	0.638937 
6862.051580 	0.632066 
6867.926089 	0.625077 
6873.813783 	0.618052 
6879.699364 	0.611201 
6885.635357 	0.604035 
6891.563097 	0.597168 
6897.534819 	0.590073 
6903.472798 	0.583116 
6909.469030 	0.576268 
6915.427156 	0.569445 
6921.455918 	0.562596 
6927.439727 	0.555622 
6933.505083 	0.548753 
6939.512943 	0.541632 
6945.425982 	0.535230 
6951.454691 	0.528287 
6957.559524 	0.521419 
6963.437998 	0.514825 
6969.549968 	0.508092 
6975.630579 	0.501206 
6981.760793 	0.494409 
6987.876994 	0.487429 
6994.025099 	0.480534 
7000.168596 	0.473793 
7006.330293 	0.467167 
7012.507946 	0.460534 
7018.503940 	0.453962 
7024.716527 	0.447282 
7030.893880 	0.440560 
7037.138015 	0.433981 
7043.335218 	0.427480 
7049.434349 	0.421118 
7055.647985 	0.414269 
7061.950775 	0.407662 
7068.186273 	0.401204 
7073.113585 	0.396154 
7074.951082 	0.394571 
7075.341445 	0.393923 
7075.719121 	0.393522 
7075.914341 	0.393558 
7076.109572 	0.393595 
7076.495824 	0.393333 
7076.848157 	0.392736 
7077.363988 	0.392231 
7077.828941 	0.391759 
7078.134697 	0.390909 
7078.448976 	0.390754 
7078.771779 	0.390913 
7079.137093 	0.390246 
7079.527937 	0.389830 
7079.910329 	0.389617 
7080.297013 	0.389761 
7080.683741 	0.388988 
7081.045010 	0.387977 
7081.393565 	0.387981 
7081.733653 	0.387774 
7082.039762 	0.387845 
7082.337394 	0.387295 
7082.656314 	0.387518 
7082.979517 	0.386746 
7083.336777 	0.386184 
7083.732359 	0.386375 
7084.115224 	0.385792 
7084.502387 	0.385186 
7084.893849 	0.385467 
7085.259822 	0.384835 
7085.613066 	0.384769 
7085.949320 	0.384244 
7086.260065 	0.383911 
7086.558067 	0.383335 
7086.873126 	0.383632 
7087.192472 	0.382942 
7087.545916 	0.382267 
7087.937729 	0.382066 
7088.325328 	0.382177 
7088.708711 	0.381770 
7089.104918 	0.381343 
7089.471344 	0.381227 
7089.825026 	0.381284 
7090.170221 	0.380680 
7090.481352 	0.380888 
7090.935314 	0.379939 
7091.410653 	0.379350 
7091.751745 	0.379240 
7092.139778 	0.379032 
7092.527856 	0.378250 
7092.717646 	0.378386 
7092.907447 	0.378522 
7093.304144 	0.378268 
7093.675289 	0.377567 
7094.029408 	0.377655 
7094.375030 	0.377128 
7094.844448 	0.377211 
7095.305395 	0.376802 
7095.625534 	0.376843 
7095.967048 	0.376104 
7096.351293 	0.375870 
7096.744121 	0.375898 
7097.128453 	0.375206 
7097.521371 	0.375439 
7097.901519 	0.375739 
7098.256078 	0.375206 
7098.602129 	0.374420 
7098.926850 	0.374966 
7099.225963 	0.374878 
7099.533650 	0.374898 
7099.854186 	0.374154 
7100.187576 	0.374325 
7100.568022 	0.374850 
7100.961337 	0.374318 
7101.341870 	0.374428 
7101.735274 	0.374012 
7102.120170 	0.374176 
7102.475168 	0.374258 
7102.825925 	0.374067 
7103.155328 	0.374394 
7103.454812 	0.374298 
7103.762881 	0.374843 
7104.079536 	0.375041 
7104.404780 	0.375061 
7104.777137 	0.374911 
7105.170938 	0.375871 
7105.556222 	0.375326 
7105.950113 	0.376116 
7106.335485 	0.377148 
7106.695205 	0.377553 
7107.050679 	0.378616 
7107.384774 	0.380088 
7107.693198 	0.381538 
7108.162313 	0.385010 
7108.648632 	0.391591 
7109.017167 	0.397945 
7109.411458 	0.404120 
7109.604334 	0.407148 
7109.797221 	0.410184 
7110.191602 	0.414515 
7110.581741 	0.417716 
7110.941909 	0.420875 
7111.297827 	0.424580 
7111.788883 	0.429304 
7112.245692 	0.434748 
7112.563136 	0.440680 
7112.884899 	0.447655 
7113.245310 	0.458960 
7113.640090 	0.471721 
7114.026332 	0.487599 
7114.412617 	0.507153 
7114.807532 	0.530427 
7115.172439 	0.557157 
7115.528798 	0.587727 
7115.872312 	0.622143 
7116.181504 	0.659156 
7116.477839 	0.699503 
7116.795676 	0.741922 
7117.117839 	0.783211 
7117.470105 	0.824849 
7117.861076 	0.864012 
7118.252093 	0.898640 
7118.643154 	0.933720 
7119.038558 	0.968419 
7119.416814 	1.004088 
7119.773616 	1.042049 
7120.121856 	1.084555 
7120.440033 	1.129840 
7120.741038 	1.180165 
7121.059272 	1.234647 
7121.381837 	1.288050 
7121.725940 	1.337717 
7122.117399 	1.380945 
7122.508902 	1.418324 
7122.896148 	1.446993 
7123.292045 	1.472439 
7123.670771 	1.494148 
7124.023713 	1.515619 
7124.376692 	1.539625 
7124.695264 	1.565044 
7124.996644 	1.593240 
7125.470295 	1.631409 
7125.969853 	1.662582 
7126.353183 	1.668550 
7126.551326 	1.666719 
7126.749480 	1.664891 
7127.132898 	1.649509 
7127.529285 	1.624017 
7127.912791 	1.588848 
7128.270480 	1.549064 
7128.619587 	1.509013 
7129.098051 	1.448889 
7129.563647 	1.394978 
7129.882703 	1.365110 
7130.219038 	1.337852 
7130.602845 	1.315623 
7130.999634 	1.298464 
7131.387842 	1.282589 
7131.789037 	1.270924 
7132.177334 	1.259521 
7132.539785 	1.248897 
7132.897959 	1.237939 
7133.230274 	1.228504 
7133.532407 	1.218492 
7133.843200 	1.208983 
7134.162655 	1.199878 
7134.490775 	1.192147 
7134.866425 	1.185692 
7135.268028 	1.180902 
7135.652401 	1.177201 
7136.049776 	1.176443 
7136.442877 	1.177114 
7136.805780 	1.179993 
7137.160079 	1.184289 
7137.497129 	1.190263 
7137.803960 	1.197444 
7138.110819 	1.206447 
7138.430672 	1.217127 
7138.759201 	1.226816 
7139.126673 	1.236779 
7139.524451 	1.245539 
7139.913627 	1.252282 
7140.302846 	1.257361 
7140.696436 	1.259560 
7141.064115 	1.260027 
7141.418854 	1.257202 
7141.764977 	1.253995 
7142.076518 	1.248036 
7142.541718 	1.235843 
7143.028622 	1.222766 
7143.392223 	1.213716 
7143.794826 	1.203727 
7143.989650 	1.199969 
7144.184486 	1.196228 
7144.578521 	1.186556 
7144.976933 	1.178968 
7145.349402 	1.171349 
7145.708917 	1.164286 
7146.055473 	1.158800 
7146.521213 	1.151129 
7146.991350 	1.144449 
7147.316367 	1.141514 
7147.667419 	1.136706 
7148.066189 	1.134368 
7148.460671 	1.131343 
7148.850861 	1.128278 
7149.249769 	1.126783 
7149.436231 	1.125488 
7149.802680 	1.123289 
7150.333991 	1.120733 
7150.654987 	1.119291 
7150.958659 	1.117802 
7151.275374 	1.115919 
7151.596458 	1.115178 
7151.943609 	1.114050 
7152.334196 	1.113527 
7152.729168 	1.114120 
7153.119844 	1.114106 
7153.519248 	1.115153 
7153.905672 	1.114326 
7154.266084 	1.116632 
7154.617848 	1.117368 
7154.947931 	1.118185 
7155.251983 	1.119753 
7155.569094 	1.121986 
7155.894924 	1.124915 
7156.242510 	1.126389 
7156.629240 	1.128957 
7157.029053 	1.131125 
7157.415872 	1.134129 
7157.815775 	1.136482 
7158.202683 	1.138268 
7158.563546 	1.140338 
7158.920099 	1.142676 
7159.250595 	1.144663 
7159.559377 	1.146247 
7160.033477 	1.150222 
7160.529394 	1.153421 
7160.912256 	1.157685 
7161.112406 	1.159064 
7161.312567 	1.160444 
7161.699868 	1.164784 
7162.100271 	1.170079 
7162.492014 	1.174840 
7162.857681 	1.181864 
7163.214679 	1.188982 
7163.702346 	1.199133 
7164.168307 	1.210347 
7164.490598 	1.218435 
7164.821630 	1.225887 
7165.591258 	1.240539 
7167.138876 	1.265250 
7168.826158 	1.287161 
7170.701012 	1.299355 
7172.650087 	1.300966 
7174.611041 	1.291334 
7176.469817 	1.271620 
7178.151181 	1.247197 
7180.264469 	1.221229 
7182.133592 	1.199695 
7184.039355 	1.183977 
7185.957273 	1.168357 
7187.763051 	1.153221 
7189.622421 	1.140141 
7191.517544 	1.130757 
7193.460119 	1.126818 
7195.328492 	1.129509 
7197.421541 	1.135254 
7199.149218 	1.142115 
7200.964912 	1.146434 
7203.001183 	1.147546 
7204.931419 	1.145076 
7206.861262 	1.142297 
7208.542486 	1.140921 
7210.465515 	1.140987 
7212.393734 	1.144526 
7214.423482 	1.150315 
7216.434817 	1.157251 
7218.200172 	1.161496 
7220.124289 	1.161599 
7221.999578 	1.156902 
7223.942494 	1.148447 
7225.852804 	1.136571 
7227.923862 	1.123094 
7229.745817 	1.110544 
7231.517216 	1.098947 
7233.623795 	1.088430 
7235.513502 	1.083645 
7237.467550 	1.084729 
7239.365727 	1.091230 
7241.481372 	1.100487 
7243.801511 	1.110880 
7246.628675 	1.116968 
7249.102973 	1.115682 
7251.741100 	1.110489 
7254.294380 	1.104761 
7257.037727 	1.100988 
7259.870855 	1.100232 
7262.347529 	1.100475 
7265.015550 	1.100581 
7267.560616 	1.100509 
7270.149232 	1.098407 
7272.780850 	1.093577 
7275.481504 	1.085983 
7278.345143 	1.076221 
7280.881916 	1.064936 
7283.499729 	1.052324 
7286.122077 	1.040442 
7288.658042 	1.029225 
7291.530624 	1.020555 
7294.048278 	1.015316 
7296.725903 	1.014000 
7299.512356 	1.015765 
7302.072912 	1.018531 
7304.776560 	1.022427 
7307.297522 	1.025080 
7310.172749 	1.026948 
7312.743955 	1.027591 
7315.371244 	1.026933 
7318.245440 	1.024488 
7320.772171 	1.021621 
7323.492840 	1.017839 
7326.039634 	1.013939 
7328.897112 	1.009178 
7331.766047 	1.004456 
7334.309025 	0.999773 
7337.036894 	0.994553 
7339.577132 	0.989398 
7342.463604 	0.983528 
7345.116962 	0.978578 
7347.902889 	0.973867 
7351.341924 	0.969170 
7354.571199 	0.965002 
7357.739487 	0.960275 
7361.165571 	0.954679 
7364.612908 	0.948797 
7368.011277 	0.943542 
7371.400069 	0.939336 
7374.844011 	0.935666 
7378.300558 	0.932703 
7381.511945 	0.930272 
7384.744920 	0.928276 
7388.213179 	0.926358 
7391.649708 	0.923839 
7395.058545 	0.920908 
7398.506348 	0.917290 
7401.994781 	0.913203 
7405.248236 	0.908481 
7408.481184 	0.903286 
7411.970045 	0.896728 
7415.461800 	0.890301 
7418.895569 	0.884361 
7422.347226 	0.879154 
7425.851749 	0.874664 
7429.341444 	0.870899 
7432.577341 	0.867631 
7435.877206 	0.864179 
7439.579442 	0.860061 
7443.074610 	0.856122 
7446.326152 	0.852937 
7449.842679 	0.849523 
7453.380519 	0.846433 
7456.860843 	0.843480 
7460.343488 	0.840489 
7463.876408 	0.837339 
7467.421768 	0.834244 
7470.699654 	0.831004 
7474.023066 	0.827145 
7477.584257 	0.822537 
7481.115085 	0.817699 
7484.603797 	0.812497 
7488.547985 	0.806691 
7492.675875 	0.800756 
7496.821629 	0.794845 
7501.176396 	0.789344 
7505.339898 	0.784745 
7509.281514 	0.780555 
7513.233678 	0.776446 
7517.390732 	0.772005 
7521.542703 	0.766929 
7525.733731 	0.762419 
7529.921042 	0.757685 
7534.080572 	0.753250 
7538.266962 	0.748571 
7542.235333 	0.744282 
7546.223564 	0.740167 
7550.440301 	0.735811 
7554.855074 	0.730925 
7559.071818 	0.726496 
7563.079999 	0.722251 
7567.290389 	0.717906 
7571.492096 	0.713207 
7575.502698 	0.708752 
7579.754862 	0.704021 
7584.006228 	0.698887 
7588.243444 	0.693874 
7592.503035 	0.689092 
7596.528878 	0.684708 
7600.766645 	0.679731 
7605.018817 	0.675213 
7609.301858 	0.670641 
7613.576379 	0.666102 
7617.860107 	0.661623 
7622.157388 	0.656861 
7626.217382 	0.652607 
7630.493931 	0.648101 
7634.789685 	0.643852 
7639.107100 	0.639614 
7643.415853 	0.635562 
7647.740435 	0.631594 
7652.265802 	0.627228 
7656.776264 	0.622729 
7661.512249 	0.617934 
7666.462762 	0.612494 
7671.200370 	0.607564 
7675.970698 	0.602207 
7680.941845 	0.596802 
7685.700108 	0.591718 
7690.504272 	0.586703 
7695.497043 	0.581363 
7700.274654 	0.576143 
7705.091989 	0.571239 
7710.097210 	0.566150 
7714.891767 	0.561211 
7719.730334 	0.556468 
7724.754420 	0.551754 
7729.784854 	0.546793 
7734.621547 	0.542163 
7739.454090 	0.537507 
7744.509912 	0.532988 
7749.578127 	0.527932 
7754.428988 	0.523510 
7759.294002 	0.519024 
7764.377121 	0.513672 
7769.461553 	0.508569 
7774.356705 	0.503652 
7779.228258 	0.498817 
7784.329822 	0.493843 
7789.239358 	0.489377 
7794.138720 	0.485061 
7799.256213 	0.480468 
7804.188167 	0.475928 
7809.108427 	0.471447 
7814.243672 	0.466866 
7819.188373 	0.462142 
7824.128577 	0.457809 
7829.284716 	0.453000 
7834.245951 	0.448902 
7839.212539 	0.444524 
7844.400214 	0.439506 
7849.615612 	0.434675 
7855.041409 	0.429661 
7860.700526 	0.424616 
7866.141505 	0.419711 
7871.589937 	0.414947 
7877.274147 	0.409900 
7882.950917 	0.404842 
7888.634514 	0.399586 
7894.342157 	0.394306 
7900.040698 	0.389604 
7905.555533 	0.385123 
7911.053845 	0.380753 
7916.784361 	0.376209 
7922.318022 	0.371480 
7927.845835 	0.366210 
7933.609804 	0.360984 
7939.170739 	0.355943 
7944.724096 	0.350959 
7950.516784 	0.345886 
7956.316954 	0.341010 
7961.883382 	0.336367 
7967.497114 	0.332206 
7973.309112 	0.327687 
7979.138250 	0.322881 
7984.979134 	0.317899 
7990.808269 	0.313098 
7996.450827 	0.308169 
8002.078727 	0.303638 
8007.939166 	0.298827 
8013.832986 	0.294040 
8019.716300 	0.288983 
8025.396585 	0.284302 
8031.080514 	0.279705 
8036.990010 	0.274905 
8042.702157 	0.270402 
8048.411675 	0.265671 
8054.354798 	0.260866 
8060.083549 	0.255680 
8065.814649 	0.250796 
8071.785624 	0.245894 
8077.764869 	0.241039 
8083.973051 	0.235771 
8090.425028 	0.230420 
8096.648503 	0.225441 
8102.877879 	0.220520 
8109.149262 	0.215709 
8115.405385 	0.210926 
8121.695121 	0.205851 
8127.977360 	0.201093 
8134.503254 	0.196126 
8140.798066 	0.191620 
8147.094564 	0.187078 
8153.658678 	0.182384 
8159.996116 	0.178061 
8166.345950 	0.173386 
8172.706675 	0.168971 
8179.078506 	0.164318 
8185.460778 	0.159709 
8191.843852 	0.154508 
8198.464877 	0.149359 
8205.106423 	0.144068 
8211.521357 	0.139369 
8217.969374 	0.134570 
8224.398537 	0.129576 
8230.863596 	0.124495 
8237.308018 	0.119551 
8243.771298 	0.114703 
8250.481253 	0.109518 
8256.962684 	0.104657 
8263.452912 	0.099824 
8269.973311 	0.095035 
8276.496868 	0.090094 
8283.046161 	0.084993 
8289.586267 	0.079953 
8296.389341 	0.074481 
8303.177749 	0.069351 
8309.747210 	0.064340 
8316.332699 	0.059438 
8322.941350 	0.054280 
8329.564652 	0.049540 
8336.188341 	0.044911 
8343.076215 	0.040514 
8350.207620 	0.035595 
8357.317926 	0.029938 
8364.479321 	0.024473 
8371.408364 	0.019299 
8378.362140 	0.013977 
8385.315325 	0.008193 
8392.254935 	0.003251 
8399.458736 	-0.001719 
8406.684662 	-0.006661 
8413.705001 	-0.011818 
8420.719164 	-0.016833 
8427.744503 	-0.021775 
8435.021852 	-0.027210 
8442.291930 	-0.032873 
8449.364007 	-0.038221 
8456.431626 	-0.043695 
8463.523718 	-0.048912 
8470.871624 	-0.054238 
8478.209660 	-0.059251 
8485.321740 	-0.064180 
8492.435933 	-0.069409 
8499.603612 	-0.074659 
8507.010636 	-0.079903 
8514.419211 	-0.085206 
8521.825688 	-0.090649 
8529.244744 	-0.095639 
8536.464880 	-0.100196 
8543.683268 	-0.104874 
8550.937995 	-0.109808 
8558.172598 	-0.115004 
8565.659400 	-0.120233 
8573.176127 	-0.125384 
8580.450393 	-0.130170 
8587.764966 	-0.135146 
8595.074237 	-0.140415 
8602.673405 	-0.145708 
