6786.437621 	0.766536 
6792.262736 	0.759151 
6798.119460 	0.751721 
6803.819641 	0.744640 
6809.533518 	0.737350 
6815.280796 	0.730273 
6821.176680 	0.722746 
6827.118471 	0.715745 
6832.873604 	0.708635 
6838.692908 	0.701647 
6844.468164 	0.694454 
6850.325865 	0.687583 
6856.120536 	0.680386 
6861.999611 	0.673287 
6867.979924 	0.666030 
6873.885275 	0.658892 
6879.720264 	0.651606 
6885.639380 	0.644491 
6891.501288 	0.637781 
6897.432490 	0.630723 
6903.328580 	0.623803 
6909.434480 	0.616425 
6915.522454 	0.609277 
6921.474302 	0.602404 
6927.429125 	0.595429 
6933.384156 	0.588418 
6939.375071 	0.581366 
6945.333289 	0.574281 
6951.355712 	0.567378 
6957.496312 	0.560388 
6963.712328 	0.553319 
6969.712008 	0.546526 
6975.788269 	0.539819 
6981.820272 	0.533001 
6987.938095 	0.526055 
6993.998838 	0.519108 
7000.132401 	0.512174 
7006.215462 	0.505363 
7012.377904 	0.498464 
7018.670314 	0.491428 
7024.849728 	0.484732 
7030.989916 	0.478001 
7037.187792 	0.471229 
7043.369189 	0.464410 
7049.584516 	0.457749 
7055.794707 	0.451010 
7062.008967 	0.444576 
7068.253788 	0.438038 
7073.074855 	0.433187 
7074.836527 	0.431596 
7075.154744 	0.431162 
7075.477233 	0.431381 
7075.829461 	0.430459 
7076.224170 	0.430444 
7076.618924 	0.430469 
7077.009479 	0.429733 
7077.408570 	0.429634 
7077.786477 	0.429231 
7078.147438 	0.429093 
7078.504190 	0.428091 
7078.822751 	0.427957 
7079.128597 	0.427690 
7079.447216 	0.427155 
7079.770114 	0.427276 
7080.122787 	0.426815 
7080.522245 	0.425921 
7080.913249 	0.426115 
7081.304298 	0.425879 
7081.699643 	0.425286 
7082.073775 	0.425016 
7082.430940 	0.424162 
7082.779638 	0.424090 
7083.098599 	0.423821 
7083.400577 	0.422938 
7083.719597 	0.423318 
7084.047156 	0.423047 
7084.404528 	0.422525 
7084.804490 	0.421932 
7085.200242 	0.421701 
7085.591785 	0.421627 
7085.987629 	0.420812 
7086.362234 	0.420585 
7086.719850 	0.420184 
7087.068988 	0.420279 
7087.384094 	0.419692 
7087.690712 	0.419717 
7088.014394 	0.419549 
7088.342366 	0.418929 
7088.712971 	0.418896 
7089.113439 	0.418757 
7089.505433 	0.418371 
7089.901733 	0.417878 
7090.298079 	0.417776 
7090.668897 	0.417837 
7091.026966 	0.417122 
7091.372283 	0.416730 
7091.683524 	0.416210 
7091.994794 	0.416015 
7092.314621 	0.415786 
7092.643008 	0.415716 
7093.018347 	0.415488 
7093.419323 	0.415129 
7093.807546 	0.415028 
7094.204348 	0.414898 
7094.596929 	0.414898 
7094.963947 	0.414249 
7095.322468 	0.414181 
7095.663952 	0.413729 
7095.975586 	0.413918 
7096.287249 	0.413562 
7096.611750 	0.412980 
7096.944822 	0.412817 
7097.320635 	0.413294 
7097.726390 	0.412781 
7098.115105 	0.412813 
7098.512409 	0.412040 
7098.905486 	0.412455 
7099.272969 	0.412422 
7099.631945 	0.411680 
7099.973861 	0.412128 
7100.281615 	0.411807 
7100.593672 	0.411711 
7100.918583 	0.411835 
7101.260629 	0.411452 
7101.645471 	0.411737 
7102.047464 	0.411865 
7102.436672 	0.412087 
7102.834481 	0.411927 
7103.228057 	0.412439 
7103.591728 	0.412500 
7103.951159 	0.413077 
7104.289229 	0.412916 
7104.593093 	0.413395 
7104.909825 	0.414133 
7105.235149 	0.414968 
7105.573346 	0.414644 
7105.958676 	0.416312 
7106.361178 	0.417214 
7106.750879 	0.418148 
7107.149191 	0.420241 
7107.538982 	0.422080 
7107.903113 	0.425422 
7108.262999 	0.430387 
7108.597212 	0.437466 
7108.905745 	0.447007 
7109.222878 	0.459066 
7109.548613 	0.471673 
7109.895812 	0.482147 
7110.290205 	0.489655 
7110.693218 	0.495468 
7111.079126 	0.500187 
7111.482233 	0.505299 
7111.868230 	0.512950 
7112.232824 	0.524821 
7112.593166 	0.541800 
7112.923513 	0.564271 
7113.232438 	0.592673 
7113.554265 	0.627830 
7113.880413 	0.668644 
7114.232345 	0.714090 
7114.627239 	0.763168 
7115.026472 	0.816798 
7115.417164 	0.871825 
7115.820783 	0.926775 
7116.202976 	0.982441 
7116.563738 	1.035832 
7116.924538 	1.085225 
7117.251008 	1.130131 
7117.556029 	1.167919 
7117.873966 	1.198877 
7118.204825 	1.221856 
7118.561500 	1.238276 
7118.961193 	1.248889 
7119.356634 	1.255185 
7119.752121 	1.260368 
7120.156252 	1.264064 
7120.534632 	1.267917 
7120.900151 	1.274378 
7121.257108 	1.281610 
7121.579692 	1.290897 
7121.889401 	1.300241 
7122.216346 	1.309527 
7122.547625 	1.318775 
7122.909057 	1.326110 
7123.313562 	1.332244 
7123.709507 	1.337255 
7124.109802 	1.341200 
7124.510144 	1.344364 
7124.889006 	1.347542 
7125.254991 	1.351347 
7125.608097 	1.354618 
7125.926784 	1.357668 
7126.241194 	1.361830 
7126.564249 	1.365268 
7126.895949 	1.368661 
7127.266458 	1.372076 
7127.671479 	1.375304 
7128.063619 	1.378612 
7128.460114 	1.380272 
7128.860966 	1.381678 
7129.235998 	1.381868 
7129.598138 	1.382125 
7129.947380 	1.381166 
7130.262160 	1.381229 
7130.576969 	1.379249 
7130.900432 	1.377714 
7131.232554 	1.376675 
7131.607846 	1.374540 
7132.017696 	1.373961 
7132.414649 	1.372652 
7132.815964 	1.372383 
7133.217326 	1.371464 
7133.588520 	1.370782 
7133.955437 	1.371479 
7134.300807 	1.370354 
7134.615987 	1.369858 
7134.931197 	1.369103 
7135.263709 	1.367970 
7135.600573 	1.366753 
7135.984983 	1.365129 
7136.395357 	1.362697 
7136.788498 	1.359955 
7137.194647 	1.356906 
7137.592200 	1.355257 
7137.963869 	1.351763 
7138.331255 	1.348897 
7138.672743 	1.346858 
7138.984003 	1.343724 
7139.299614 	1.342261 
7139.628227 	1.339751 
7139.969844 	1.336695 
7140.354746 	1.334873 
7140.761317 	1.331955 
7141.154959 	1.330433 
7141.557299 	1.327587 
7141.951033 	1.325745 
7142.318847 	1.323253 
7142.682372 	1.321947 
7143.024294 	1.318529 
7143.331620 	1.316431 
7143.647632 	1.313849 
7143.980991 	1.311199 
7144.323043 	1.308704 
7144.717094 	1.306428 
7145.124183 	1.303742 
7145.518326 	1.300660 
7145.925511 	1.297021 
7146.319746 	1.293589 
7146.688029 	1.289601 
7147.052017 	1.286160 
7147.390041 	1.281479 
7147.702093 	1.277504 
7148.022843 	1.272957 
7148.352292 	1.268596 
7148.703451 	1.263234 
7149.106677 	1.259049 
7149.514288 	1.254283 
7149.908935 	1.250520 
7150.316641 	1.246335 
7150.702705 	1.241728 
7151.071458 	1.238336 
7151.431573 	1.233915 
7151.765689 	1.230963 
7152.073799 	1.227393 
7152.394958 	1.225001 
7152.729168 	1.221607 
7153.080774 	1.220464 
7153.480174 	1.218557 
7153.883962 	1.216789 
7154.279112 	1.215765 
7154.682994 	1.214295 
7155.069549 	1.214759 
7155.434427 	1.213699 
7155.795000 	1.212977 
7156.125196 	1.213246 
7156.438042 	1.213332 
7156.759609 	1.213984 
7157.094244 	1.214957 
7157.454991 	1.215169 
7157.859246 	1.216616 
7158.263549 	1.218433 
7158.659203 	1.219661 
7159.067949 	1.221089 
7159.450648 	1.223348 
7159.820342 	1.225159 
7160.177025 	1.227148 
7160.503292 	1.229608 
7160.820888 	1.231642 
7161.147216 	1.233913 
7161.482278 	1.237195 
7161.847838 	1.239514 
7162.256963 	1.242370 
7162.657430 	1.244978 
7163.057944 	1.248099 
7163.462858 	1.250945 
7163.846047 	1.254520 
7164.211858 	1.257005 
7164.568997 	1.260442 
7164.891325 	1.264049 
7165.534619 	1.271335 
7167.042112 	1.286004 
7168.929950 	1.304264 
7170.659997 	1.318952 
7172.616180 	1.327424 
7174.521347 	1.329702 
7176.446434 	1.327046 
7178.225374 	1.320894 
7180.244633 	1.311112 
7182.125712 	1.299735 
7183.872033 	1.288431 
7185.836605 	1.278054 
7187.741491 	1.266797 
7189.868267 	1.255332 
7191.616754 	1.244421 
7193.498771 	1.233645 
7195.372145 	1.223346 
7197.137490 	1.214746 
7199.105224 	1.207147 
7201.010250 	1.200427 
7203.151522 	1.196273 
7204.895283 	1.194584 
7206.803060 	1.193576 
7208.667772 	1.193943 
7210.457570 	1.195108 
7212.591738 	1.197554 
7214.511861 	1.200018 
7216.485959 	1.202628 
7218.232023 	1.205148 
7220.163977 	1.207441 
7222.019064 	1.209098 
7223.829061 	1.210730 
7225.959948 	1.211576 
7227.899020 	1.212142 
7229.886963 	1.212098 
7231.631788 	1.211859 
7233.587211 	1.210863 
7235.431699 	1.209766 
7237.260264 	1.207770 
7239.385756 	1.204694 
7241.345098 	1.201137 
7243.862230 	1.196494 
7246.454100 	1.190896 
7249.073564 	1.184921 
7251.940188 	1.178211 
7254.477011 	1.171003 
7257.194619 	1.163659 
7259.582525 	1.157116 
7262.240246 	1.150637 
7264.901860 	1.145807 
7267.478010 	1.141611 
7270.387863 	1.137775 
7272.760522 	1.134892 
7275.452835 	1.132032 
7278.289848 	1.128657 
7280.878699 	1.125693 
7283.620142 	1.122588 
7286.186517 	1.119322 
7288.894069 	1.116180 
7291.523040 	1.113166 
7294.152046 	1.109832 
7296.886442 	1.106796 
7299.455433 	1.103820 
7302.193965 	1.100755 
7304.802474 	1.097900 
7307.474511 	1.094930 
7310.195296 	1.091807 
7312.779234 	1.089152 
7315.537268 	1.086273 
7318.137489 	1.083473 
7320.854822 	1.080772 
7323.554713 	1.077350 
7326.171943 	1.074018 
7328.939184 	1.070475 
7331.543444 	1.066281 
7334.303146 	1.061725 
7336.976092 	1.057527 
7339.630782 	1.053122 
7342.395506 	1.048992 
7345.005783 	1.044619 
7347.973917 	1.040244 
7351.252576 	1.035165 
7354.474616 	1.030184 
7357.788590 	1.024809 
7361.315073 	1.019109 
7364.581326 	1.013846 
7367.845077 	1.008797 
7371.367721 	1.003853 
7374.899520 	0.999059 
7378.159983 	0.995368 
7381.455110 	0.991403 
7384.999020 	0.987708 
7388.339126 	0.984087 
7391.592904 	0.980589 
7395.116437 	0.976809 
7398.678128 	0.972790 
7402.004945 	0.969012 
7405.276163 	0.965323 
7408.826232 	0.961245 
7412.221031 	0.957394 
7415.516906 	0.953318 
7418.832801 	0.949307 
7422.292015 	0.944968 
7425.884596 	0.940278 
7429.168248 	0.936061 
7432.514332 	0.931529 
7436.104647 	0.926796 
7439.672395 	0.922178 
7442.972650 	0.917632 
7446.358138 	0.913084 
7449.964453 	0.908183 
7453.317801 	0.903976 
7456.654694 	0.899277 
7460.260842 	0.894541 
7463.876935 	0.889655 
7467.220354 	0.885240 
7470.584699 	0.880751 
7474.214887 	0.876560 
7477.639201 	0.872282 
7480.972134 	0.868500 
7484.769576 	0.864039 
7488.790040 	0.859477 
7492.818335 	0.855100 
7496.816669 	0.850697 
7500.810809 	0.846215 
7505.031407 	0.841527 
7509.242135 	0.836630 
7513.274543 	0.832068 
7517.328773 	0.827473 
7521.573631 	0.822538 
7525.828113 	0.817675 
7529.868397 	0.812918 
7533.902546 	0.808272 
7537.953281 	0.803306 
7542.239563 	0.798227 
7546.520007 	0.793308 
7550.604257 	0.788350 
7554.691148 	0.783657 
7558.773378 	0.779015 
7562.839716 	0.774024 
7567.149768 	0.768810 
7571.467669 	0.763781 
7575.595622 	0.759116 
7579.920007 	0.754098 
7584.274381 	0.749251 
7588.398666 	0.744622 
7592.509914 	0.739615 
7596.644965 	0.735072 
7600.797491 	0.730363 
7605.158839 	0.725388 
7609.532782 	0.720690 
7613.698937 	0.716115 
7617.833210 	0.711763 
7621.979568 	0.707190 
7626.150439 	0.702787 
7630.535453 	0.697947 
7634.921898 	0.693222 
7639.128361 	0.688640 
7643.316712 	0.683961 
7647.476408 	0.679587 
7651.881742 	0.674667 
7656.505363 	0.669876 
7661.339947 	0.664619 
7666.175087 	0.659568 
7671.035070 	0.654257 
7675.878365 	0.649085 
7680.754379 	0.643854 
7685.610319 	0.638595 
7690.485771 	0.633623 
7695.371535 	0.628578 
7700.251160 	0.623226 
7705.137733 	0.618012 
7710.045218 	0.612765 
7714.939787 	0.607701 
7719.837979 	0.602557 
7724.975946 	0.597214 
7729.893717 	0.592169 
7734.811011 	0.587146 
7739.767165 	0.581839 
7744.691655 	0.576857 
7749.654169 	0.571876 
7754.402857 	0.566799 
7759.355678 	0.561787 
7764.337508 	0.556685 
7769.311673 	0.551683 
7774.287745 	0.546832 
7779.065853 	0.542165 
7784.068543 	0.537252 
7789.052384 	0.532263 
7794.080361 	0.527437 
7799.084836 	0.522505 
7804.105419 	0.517672 
7809.134113 	0.512601 
7814.176309 	0.507703 
7819.200716 	0.502754 
7824.264095 	0.497776 
7829.305620 	0.493068 
7834.364871 	0.488147 
7839.430887 	0.483115 
7844.492212 	0.478172 
7849.794598 	0.473019 
7855.105278 	0.467886 
7860.630268 	0.462603 
7866.178956 	0.457218 
7871.732081 	0.452031 
7877.271700 	0.446698 
7882.851653 	0.441361 
7888.404363 	0.436426 
7893.984898 	0.431036 
7899.801072 	0.425446 
7905.386373 	0.420445 
7910.999525 	0.415256 
7916.620577 	0.410333 
7922.245692 	0.405239 
7928.123598 	0.400090 
7933.780525 	0.394980 
7939.224630 	0.390083 
7944.891817 	0.384941 
7950.558950 	0.379776 
7956.257410 	0.374589 
7961.957920 	0.369306 
7967.668336 	0.364440 
7973.399312 	0.359321 
7979.129454 	0.354275 
7984.859264 	0.349574 
7990.617113 	0.344572 
7996.361035 	0.339474 
8001.906572 	0.334299 
8007.687243 	0.329018 
8013.700281 	0.323876 
8019.493663 	0.318634 
8025.272386 	0.313492 
8031.091410 	0.308288 
8036.900727 	0.303114 
8042.721530 	0.298083 
8048.554525 	0.292783 
8054.393411 	0.287497 
8060.228716 	0.282440 
8066.092421 	0.277408 
8071.943059 	0.272545 
8077.813059 	0.267367 
8083.939487 	0.262303 
8090.294279 	0.257034 
8096.435249 	0.251822 
8102.800390 	0.246528 
8109.198200 	0.240952 
8115.585836 	0.235635 
8122.010551 	0.230208 
8128.217417 	0.224887 
8134.400513 	0.219600 
8140.612964 	0.214516 
8147.063705 	0.209108 
8153.497781 	0.203877 
8159.954660 	0.198383 
8166.418578 	0.193299 
8172.661784 	0.187926 
8179.151776 	0.182665 
8185.659469 	0.177484 
8191.934827 	0.172239 
8198.199293 	0.167420 
8204.743039 	0.162196 
8211.497422 	0.156796 
8218.045113 	0.151266 
8224.375352 	0.146076 
8230.698680 	0.141554 
8237.298944 	0.136103 
8243.901422 	0.130647 
8250.264272 	0.125419 
8256.896092 	0.119933 
8263.511572 	0.114572 
8270.150708 	0.109245 
8276.806395 	0.103966 
8283.240264 	0.098880 
8289.682633 	0.093964 
8296.119447 	0.088718 
8302.845467 	0.083657 
8309.538618 	0.078553 
8316.255179 	0.073205 
8322.983846 	0.067893 
8329.701504 	0.062589 
8336.477170 	0.057382 
8343.245139 	0.052581 
8350.286220 	0.047178 
8357.324145 	0.041625 
8364.355864 	0.036126 
8371.413087 	0.030416 
8378.500219 	0.024899 
8385.367661 	0.019719 
8392.226017 	0.014646 
8399.349922 	0.009430 
8406.472861 	0.003950 
8413.585684 	-0.001249 
8420.762193 	-0.006476 
8427.938252 	-0.011798 
8435.134759 	-0.017232 
8442.320768 	-0.022434 
8449.502754 	-0.027746 
8456.711356 	-0.032854 
8463.945803 	-0.038057 
8470.944972 	-0.042974 
8477.935957 	-0.047977 
8485.200765 	-0.053073 
8492.456279 	-0.058122 
8499.723238 	-0.063112 
8507.052269 	-0.068378 
8514.372968 	-0.073578 
8521.724901 	-0.078808 
8529.055098 	-0.084083 
8536.385760 	-0.089277 
8543.747751 	-0.094371 
8551.140755 	-0.099302 
8558.285699 	-0.104329 
8565.422051 	-0.109180 
8572.838811 	-0.114303 
8580.490660 	-0.119719 
8587.930674 	-0.124785 
8595.124558 	-0.129819 
8602.578423 	-0.134998 
8610.064698 	-0.139990 
8617.531561 	-0.145078 
8625.008093 	-0.149933 
8632.520842 	-0.154930 
8640.062633 	-0.160012 
8647.627619 	-0.165211 
