6786.589338 	0.896122 
6792.202239 	0.889080 
6797.909501 	0.881424 
6803.710545 	0.874177 
6809.596631 	0.866618 
6815.275254 	0.859633 
6821.032067 	0.852044 
6826.897140 	0.844543 
6832.823768 	0.836637 
6838.713988 	0.829340 
6844.507409 	0.822200 
6850.282147 	0.814979 
6856.231438 	0.807400 
6862.187456 	0.799842 
6867.994325 	0.792915 
6873.832071 	0.785550 
6879.798540 	0.778262 
6885.670796 	0.771016 
6891.489697 	0.763616 
6897.540385 	0.756431 
6903.526039 	0.749123 
6909.448791 	0.741832 
6915.302536 	0.734706 
6921.414735 	0.727727 
6927.467686 	0.720165 
6933.458709 	0.712726 
6939.382709 	0.705628 
6945.371003 	0.698397 
6951.471588 	0.691329 
6957.472867 	0.684132 
6963.451680 	0.677049 
6969.621413 	0.669843 
6975.791336 	0.662436 
6981.833476 	0.655537 
6987.890179 	0.648447 
6994.108333 	0.641327 
7000.194369 	0.634464 
7006.252080 	0.627418 
7012.371596 	0.620384 
7018.440125 	0.613402 
7024.747076 	0.606313 
7030.990761 	0.599566 
7037.158331 	0.592514 
7043.258881 	0.585997 
7049.459566 	0.579159 
7055.747572 	0.571885 
7062.126727 	0.565016 
7068.285002 	0.558218 
7073.058034 	0.553030 
7074.730462 	0.550399 
7075.074126 	0.551198 
7075.443286 	0.549976 
7075.799754 	0.550422 
7076.160504 	0.550070 
7076.525537 	0.550070 
7076.869383 	0.549039 
7077.359743 	0.548932 
7077.816201 	0.548079 
7078.092229 	0.548079 
7078.381021 	0.546959 
7078.678333 	0.546703 
7078.984166 	0.546352 
7079.328261 	0.545297 
7079.702133 	0.546512 
7080.063297 	0.545042 
7080.424501 	0.544885 
7080.789993 	0.545491 
7081.134271 	0.544279 
7081.623121 	0.544661 
7082.078027 	0.544885 
7082.354402 	0.543518 
7082.643556 	0.543771 
7083.087967 	0.543089 
7083.587732 	0.543615 
7083.772770 	0.543040 
7084.134368 	0.542086 
7084.493877 	0.541279 
7084.676837 	0.540852 
7085.213009 	0.540726 
7085.710959 	0.540098 
7086.034453 	0.539497 
7086.328178 	0.539397 
7086.604898 	0.539648 
7086.894414 	0.539147 
7087.339381 	0.538471 
7087.839772 	0.537696 
7088.206062 	0.536598 
7088.563872 	0.537096 
7088.925980 	0.537696 
7089.296648 	0.536948 
7089.637528 	0.536598 
7089.969918 	0.536102 
7090.293817 	0.536102 
7090.587910 	0.535256 
7090.869241 	0.535504 
7091.304069 	0.534453 
7091.760273 	0.533959 
7092.109928 	0.534412 
7092.476678 	0.534514 
7092.834938 	0.534062 
7093.201766 	0.534165 
7093.568634 	0.531819 
7093.909942 	0.533465 
7094.238484 	0.533076 
7094.562789 	0.533425 
7094.857251 	0.531537 
7095.134667 	0.532623 
7095.567906 	0.531957 
7096.022547 	0.532727 
7096.368371 	0.531047 
7096.735581 	0.531292 
7097.094288 	0.530104 
7097.457305 	0.530071 
7097.824632 	0.530698 
7098.166367 	0.529162 
7098.499592 	0.531501 
7098.824303 	0.529267 
7099.119134 	0.529373 
7099.540060 	0.529426 
7099.978135 	0.529478 
7100.285890 	0.528432 
7100.632147 	0.528295 
7101.004092 	0.528781 
7101.358973 	0.529130 
7101.726721 	0.529097 
7102.094509 	0.528643 
7102.440950 	0.528052 
7102.774593 	0.528992 
7103.099712 	0.528052 
7103.399192 	0.528749 
7103.822786 	0.529271 
7104.263552 	0.528507 
7104.571693 	0.529932 
7104.918386 	0.528612 
7105.290799 	0.528643 
7105.646128 	0.530733 
7106.014338 	0.529932 
7106.382589 	0.530280 
7106.725183 	0.532264 
7107.059245 	0.533591 
7107.384774 	0.533939 
7107.817432 	0.536687 
7108.245860 	0.540489 
7108.541507 	0.546228 
7108.845751 	0.552417 
7109.192878 	0.562839 
7109.565758 	0.573739 
7109.925819 	0.584728 
7110.290205 	0.594490 
7110.658917 	0.598439 
7111.001941 	0.599074 
7111.332134 	0.602024 
7111.658071 	0.601615 
7112.095560 	0.602425 
7112.520236 	0.603874 
7112.816254 	0.606484 
7113.125169 	0.612997 
7113.472732 	0.626478 
7113.841789 	0.642933 
7114.202301 	0.670427 
7114.571436 	0.707900 
7114.944904 	0.759659 
7115.288359 	0.818008 
7115.623261 	0.876582 
7116.099909 	0.949197 
7116.525083 	1.013604 
7116.812858 	1.055357 
7117.109247 	1.092362 
7117.414255 	1.123261 
7117.762255 	1.145977 
7118.131775 	1.157041 
7118.492741 	1.161549 
7118.858042 	1.162594 
7119.227681 	1.160851 
7119.575866 	1.161481 
7120.070263 	1.167618 
7120.530332 	1.181448 
7120.809843 	1.189883 
7121.097978 	1.199449 
7121.394740 	1.207235 
7121.872194 	1.219737 
7122.229252 	1.224893 
7122.414249 	1.226223 
7122.775667 	1.229599 
7123.141427 	1.232044 
7123.515833 	1.234395 
7124.030170 	1.244931 
7124.523059 	1.253989 
7124.828729 	1.262428 
7125.104287 	1.273667 
7125.392784 	1.283316 
7125.847110 	1.299225 
7126.344568 	1.314340 
7126.719325 	1.323774 
7127.081199 	1.334370 
7127.451728 	1.343735 
7127.826606 	1.356214 
7128.175667 	1.364102 
7128.511834 	1.374067 
7128.839413 	1.385242 
7129.141159 	1.394044 
7129.421375 	1.402917 
7129.710237 	1.409374 
7130.160824 	1.420408 
7130.658910 	1.426357 
7131.034140 	1.434874 
7131.396470 	1.439080 
7131.758838 	1.442114 
7132.134188 	1.448058 
7132.483689 	1.448408 
7132.815964 	1.451933 
7133.143955 	1.453434 
7133.446080 	1.457701 
7133.726649 	1.459779 
7134.164813 	1.459303 
7134.620305 	1.459887 
7134.965742 	1.461298 
7135.337125 	1.460131 
7135.699911 	1.459001 
7136.067054 	1.459489 
7136.438557 	1.454988 
7136.788498 	1.454190 
7137.125511 	1.451205 
7137.453916 	1.450157 
7137.760743 	1.447094 
7138.186457 	1.443873 
7138.633838 	1.443617 
7138.940771 	1.438157 
7139.286643 	1.435921 
7139.662820 	1.434875 
7140.026063 	1.428627 
7140.393671 	1.428567 
7140.769968 	1.422934 
7141.120352 	1.417941 
7141.453465 	1.411900 
7141.782284 	1.406153 
7142.085172 	1.401535 
7142.511424 	1.393332 
7142.955041 	1.385946 
7143.262361 	1.380059 
7143.604341 	1.376258 
7143.980991 	1.370437 
7144.344693 	1.365328 
7144.708433 	1.360907 
7145.085205 	1.354892 
7145.436029 	1.352856 
7145.773894 	1.348195 
7146.103128 	1.344544 
7146.547210 	1.339097 
7146.978350 	1.331680 
7147.277363 	1.328444 
7147.580736 	1.324876 
7147.927481 	1.320285 
7148.300272 	1.314263 
7148.664431 	1.314513 
7149.037302 	1.307503 
7149.414549 	1.305295 
7149.765816 	1.303328 
7150.104108 	1.296179 
7150.438095 	1.294226 
7150.887077 	1.289713 
7151.318762 	1.285997 
7151.618153 	1.283977 
7151.930590 	1.282731 
7152.273435 	1.279553 
7152.651038 	1.277012 
7153.015659 	1.275632 
7153.384661 	1.274688 
7153.762386 	1.273163 
7154.114098 	1.271735 
7154.448476 	1.269278 
7154.932729 	1.266999 
7155.369267 	1.262448 
7155.660324 	1.260381 
7155.955749 	1.257250 
7156.259890 	1.255871 
7156.607513 	1.252247 
7156.981247 	1.250700 
7157.346328 	1.247445 
7157.711448 	1.244020 
7158.089649 	1.242322 
7158.446153 	1.237910 
7158.780952 	1.234701 
7159.270165 	1.231407 
7159.707255 	1.229641 
7159.998678 	1.226602 
7160.298827 	1.227149 
7160.603353 	1.225773 
7160.951415 	1.225633 
7161.325621 	1.226461 
7161.695517 	1.229352 
7162.065451 	1.229984 
7162.439779 	1.232536 
7162.801087 	1.232684 
7163.303935 	1.238520 
7163.780728 	1.240973 
7164.063787 	1.245234 
7164.355581 	1.246428 
7164.660466 	1.250019 
7165.504485 	1.255860 
7167.141492 	1.264057 
7168.874274 	1.271504 
7170.776935 	1.277822 
7172.623165 	1.286347 
7174.410105 	1.294974 
7176.372499 	1.304510 
7178.265459 	1.312203 
7180.242008 	1.315310 
7181.982998 	1.317491 
7183.893933 	1.319724 
7185.901968 	1.322329 
7187.919818 	1.323532 
7189.837408 	1.326556 
7191.583391 	1.330879 
7193.570366 	1.335660 
7195.472052 	1.340017 
7197.438251 	1.342556 
7199.246301 	1.336736 
7201.114575 	1.321858 
7203.033482 	1.301622 
7204.784234 	1.281083 
7206.774841 	1.262946 
7208.686007 	1.245599 
7210.659731 	1.230522 
7212.471757 	1.216114 
7214.341291 	1.203455 
7216.265331 	1.192473 
7218.200172 	1.183669 
7220.195846 	1.179852 
7221.934331 	1.178978 
7223.920339 	1.181924 
7225.737535 	1.187929 
7227.795216 	1.194813 
7229.855597 	1.200305 
7231.662875 	1.203883 
7233.653418 	1.207704 
7235.403247 	1.210717 
7237.413874 	1.215140 
7239.370920 	1.219193 
7241.493099 	1.221706 
7243.828249 	1.225596 
7246.644206 	1.230080 
7249.124014 	1.229407 
7251.781539 	1.220070 
7254.302042 	1.206717 
7256.885635 	1.196113 
7259.690339 	1.189762 
7262.186246 	1.188279 
7264.868794 	1.190436 
7267.555408 	1.194849 
7270.330529 	1.196632 
7272.971512 	1.194583 
7275.494433 	1.190810 
7278.343937 	1.183402 
7280.856179 	1.175099 
7283.503914 	1.167608 
7286.115633 	1.161669 
7288.681096 	1.156376 
7291.532883 	1.149136 
7294.033208 	1.140920 
7296.725903 	1.128811 
7299.297605 	1.117164 
7302.080680 	1.108264 
7304.935282 	1.101782 
7307.449307 	1.098206 
7310.320928 	1.095529 
7312.900007 	1.092139 
7315.522485 	1.089006 
7318.192114 	1.086274 
7320.736297 	1.086695 
7323.630183 	1.089714 
7326.181719 	1.092305 
7328.862296 	1.096596 
7331.490569 	1.098843 
7334.085037 	1.100506 
7336.983039 	1.098733 
7339.522175 	1.095495 
7342.409620 	1.088320 
7345.220062 	1.081127 
7348.004394 	1.074728 
7351.251555 	1.068125 
7354.405629 	1.062664 
7357.728643 	1.059430 
7361.289780 	1.057823 
7364.708744 	1.055045 
7367.845590 	1.048742 
7371.203058 	1.041120 
7374.795339 	1.032812 
7378.211556 	1.026712 
7381.348523 	1.021866 
7384.737189 	1.016958 
7388.344117 	1.012598 
7391.745759 	1.009312 
7394.894693 	1.004148 
7398.323971 	0.996282 
7401.946565 	0.986815 
7405.330075 	0.980188 
7408.509202 	0.976073 
7411.963709 	0.973299 
7415.586621 	0.970109 
7418.953850 	0.967076 
7422.350768 	0.962715 
7425.978602 	0.957825 
7429.429121 	0.952801 
7432.596342 	0.949619 
7436.031917 	0.947488 
7439.684015 	0.945394 
7443.120581 	0.944288 
7446.317238 	0.943557 
7449.794811 	0.942422 
7453.463322 	0.940469 
7456.884508 	0.935738 
7460.119243 	0.929881 
7463.623490 	0.924931 
7467.293336 	0.920108 
7470.712985 	0.914627 
7474.177684 	0.908500 
7477.698510 	0.901949 
7481.175285 	0.897114 
7484.794857 	0.891433 
7488.645656 	0.886180 
7492.705036 	0.881117 
7496.945812 	0.877273 
7501.194692 	0.872888 
7505.253375 	0.868322 
7509.306574 	0.862772 
7513.359947 	0.858510 
7517.446740 	0.853871 
7521.561803 	0.847580 
7525.670138 	0.840249 
7529.948734 	0.833870 
7534.067912 	0.829244 
7537.950069 	0.826007 
7542.040431 	0.822347 
7546.350596 	0.818189 
7550.649608 	0.812726 
7554.775939 	0.807255 
7558.910490 	0.801755 
7563.032455 	0.798208 
7567.132911 	0.795238 
7571.254855 	0.791423 
7575.594644 	0.787391 
7579.920452 	0.783668 
7584.078690 	0.781440 
7588.255044 	0.778303 
7592.400434 	0.773487 
7596.534870 	0.767858 
7600.699493 	0.761542 
7605.069271 	0.755627 
7609.431095 	0.749579 
7613.632401 	0.743733 
7617.838518 	0.738397 
7622.012078 	0.733394 
7626.189027 	0.728129 
7630.386518 	0.722781 
7634.589702 	0.718322 
7638.998983 	0.713205 
7643.414901 	0.708959 
7647.637053 	0.705119 
7652.023036 	0.701443 
7656.818957 	0.696920 
7661.622392 	0.692650 
7666.425839 	0.687659 
7671.253836 	0.681202 
7675.879811 	0.675411 
7680.721055 	0.670514 
7685.568174 	0.664952 
7690.423573 	0.659707 
7695.272211 	0.654635 
7700.147614 	0.649996 
7705.201745 	0.644771 
7710.071003 	0.640109 
7714.965324 	0.635604 
7719.837556 	0.631029 
7724.736923 	0.626377 
7729.635279 	0.621299 
7734.530642 	0.617215 
7739.643027 	0.613153 
7744.561959 	0.608577 
7749.475537 	0.603801 
7754.419228 	0.598300 
7759.346585 	0.593410 
7764.483090 	0.587519 
7769.452535 	0.582284 
7774.390987 	0.576622 
7779.357865 	0.570811 
7784.321497 	0.565456 
7789.294109 	0.559823 
7794.266714 	0.555186 
7799.264005 	0.549881 
7804.246655 	0.545338 
7809.243407 	0.540712 
7814.250258 	0.536256 
7819.238379 	0.531671 
7824.265536 	0.527032 
7829.282098 	0.523098 
7834.311029 	0.518812 
7839.350785 	0.513500 
7844.414368 	0.508952 
7849.674159 	0.503428 
7854.965984 	0.498461 
7860.463301 	0.493298 
7866.166871 	0.487859 
7871.672616 	0.482754 
7877.172467 	0.477111 
7882.887484 	0.471790 
7888.610698 	0.465979 
7894.332236 	0.460773 
7899.883134 	0.455712 
7905.412637 	0.450661 
7911.167424 	0.445813 
7916.750979 	0.440790 
7922.317830 	0.435508 
7927.916514 	0.430595 
7933.525360 	0.425271 
7939.340626 	0.419905 
7944.961150 	0.414347 
7950.581792 	0.409338 
7956.199949 	0.404389 
7961.855115 	0.398913 
7967.704848 	0.393535 
7973.356791 	0.388279 
7979.024141 	0.383005 
7984.886725 	0.377244 
7990.564180 	0.372144 
7996.242464 	0.367239 
8002.133564 	0.362085 
8008.047740 	0.357306 
8013.749728 	0.352208 
8019.459471 	0.347496 
8025.402096 	0.342041 
8031.139522 	0.337187 
8036.891040 	0.332330 
8042.639390 	0.327267 
8048.398548 	0.322152 
8054.390305 	0.317095 
8060.152158 	0.311810 
8065.944064 	0.306751 
8071.723853 	0.301613 
8077.741383 	0.296384 
8083.976647 	0.290942 
8090.207390 	0.285536 
8096.658259 	0.280045 
8102.914817 	0.274525 
8109.172995 	0.269146 
8115.475873 	0.264102 
8121.768748 	0.258884 
8128.073530 	0.253291 
8134.387931 	0.248024 
8140.909451 	0.242384 
8147.243581 	0.237032 
8153.562397 	0.231557 
8159.926960 	0.226197 
8166.293670 	0.220810 
8172.674421 	0.215847 
8179.082817 	0.210314 
8185.465887 	0.205172 
8191.885738 	0.199848 
8198.511550 	0.195095 
8204.937911 	0.189596 
8211.380002 	0.184825 
8217.834210 	0.179201 
8224.303687 	0.173594 
8230.770706 	0.168213 
8237.256190 	0.162969 
8243.745504 	0.158058 
8250.231752 	0.152636 
8256.958758 	0.147076 
8263.695127 	0.141779 
8270.238234 	0.136630 
8276.561043 	0.131567 
8283.114300 	0.126469 
8289.685158 	0.121093 
8296.261706 	0.115934 
8303.070251 	0.110669 
8309.666759 	0.105346 
8316.258144 	0.100574 
8322.900192 	0.095532 
8329.530907 	0.090621 
8336.179238 	0.085110 
8343.082882 	0.079901 
8350.189422 	0.074318 
8357.308740 	0.069038 
8364.437368 	0.063597 
8371.380137 	0.058462 
8378.330769 	0.052996 
8385.282033 	0.048099 
8392.245181 	0.042671 
8399.413589 	0.037198 
8406.633725 	0.031651 
8413.635869 	0.026632 
8420.657331 	0.021343 
8427.688427 	0.016065 
8434.951683 	0.010918 
8442.227324 	0.005204 
8449.265326 	0.000190 
