6786.568539 	0.712126 
6792.330207 	0.705080 
6798.040981 	0.698794 
6803.691426 	0.692173 
6809.426130 	0.685665 
6815.258297 	0.678716 
6821.167588 	0.671733 
6827.028676 	0.664746 
6832.806534 	0.658171 
6838.550165 	0.651391 
6844.489591 	0.644364 
6850.413239 	0.637313 
6856.212732 	0.630398 
6862.022654 	0.623427 
6867.976228 	0.616581 
6873.964506 	0.609600 
6879.779851 	0.602829 
6885.652575 	0.596344 
6891.627315 	0.589272 
6897.522607 	0.583316 
6903.352069 	0.576286 
6909.429365 	0.569199 
6915.439659 	0.562278 
6921.398513 	0.555573 
6927.295873 	0.549094 
6933.283588 	0.542493 
6939.368597 	0.535144 
6945.513457 	0.528263 
6951.454260 	0.521962 
6957.456142 	0.515526 
6963.590211 	0.509328 
6969.606395 	0.502605 
6975.622225 	0.496225 
6981.818138 	0.488900 
6987.877079 	0.482713 
6993.929563 	0.475656 
7000.178348 	0.469158 
7006.238599 	0.462656 
7012.357797 	0.456025 
7018.590776 	0.449590 
7024.732588 	0.442897 
7030.812884 	0.436398 
7037.144552 	0.429609 
7043.408654 	0.422660 
7049.598532 	0.416047 
7055.724047 	0.410079 
7061.939862 	0.403747 
7068.263974 	0.397585 
7073.197124 	0.392800 
7074.874712 	0.389431 
7075.231120 	0.390286 
7075.596053 	0.389783 
7075.956782 	0.390118 
7076.321793 	0.389966 
7076.678353 	0.389966 
7077.009479 	0.388930 
7077.340636 	0.387895 
7077.654841 	0.389632 
7078.075242 	0.388311 
7078.508437 	0.387562 
7078.805760 	0.389665 
7079.128597 	0.386715 
7079.489701 	0.386529 
7079.855092 	0.386715 
7080.212024 	0.386013 
7080.585992 	0.385497 
7080.943001 	0.385539 
7081.274542 	0.385497 
7081.601865 	0.385869 
7081.912213 	0.384324 
7082.337394 	0.384045 
7082.771132 	0.383996 
7083.064575 	0.383996 
7083.383564 	0.383132 
7083.745120 	0.383482 
7084.110970 	0.381755 
7084.464094 	0.383132 
7084.834276 	0.381430 
7085.191731 	0.381943 
7085.523687 	0.382154 
7085.851420 	0.381268 
7086.306892 	0.380875 
7086.724108 	0.379732 
7087.017892 	0.379570 
7087.315960 	0.379248 
7087.635348 	0.380619 
7087.997357 	0.378576 
7088.363664 	0.377906 
7088.717231 	0.378066 
7089.087876 	0.379436 
7089.445779 	0.377877 
7089.778150 	0.377774 
7090.110555 	0.377906 
7090.564467 	0.376632 
7090.988600 	0.375360 
7091.282753 	0.375771 
7091.581195 	0.375679 
7091.905247 	0.375869 
7092.267711 	0.376408 
7092.634478 	0.375201 
7092.988489 	0.374567 
7093.359600 	0.374884 
7093.717952 	0.375074 
7094.050742 	0.373869 
7094.379297 	0.373678 
7094.835913 	0.374139 
7095.254176 	0.372349 
7095.548698 	0.373271 
7095.843245 	0.371337 
7096.163434 	0.372889 
7096.526352 	0.371407 
7096.893578 	0.372698 
7097.248032 	0.372260 
7097.619607 	0.370013 
7097.978409 	0.372260 
7098.311615 	0.370362 
7098.796531 	0.370824 
7099.238783 	0.370169 
7099.520829 	0.370278 
7099.811446 	0.370938 
7100.266654 	0.370260 
7100.790325 	0.369041 
7100.974163 	0.368557 
7101.158012 	0.368073 
7101.517186 	0.370086 
7101.884951 	0.369619 
7102.417425 	0.369427 
7102.920037 	0.369619 
7103.232336 	0.369464 
7103.518991 	0.367880 
7103.801391 	0.370661 
7104.096653 	0.368961 
7104.554574 	0.369290 
7105.081044 	0.369811 
7105.444913 	0.369811 
7105.804539 	0.372328 
7106.177049 	0.371668 
7106.536752 	0.371824 
7106.870796 	0.372015 
7107.200590 	0.375576 
7107.513280 	0.376875 
7107.800296 	0.379596 
7108.078767 	0.384336 
7108.520083 	0.396997 
7108.991454 	0.413300 
7109.355740 	0.425292 
7109.720065 	0.431692 
7110.080142 	0.433865 
7110.448832 	0.434939 
7110.808986 	0.433110 
7111.143449 	0.430970 
7111.473655 	0.429020 
7111.791027 	0.431345 
7112.074113 	0.433805 
7112.503077 	0.444172 
7112.944965 	0.463421 
7113.266765 	0.482780 
7113.631507 	0.503451 
7114.000581 	0.527750 
7114.361110 	0.549514 
7114.734555 	0.570705 
7115.095161 	0.597079 
7115.430044 	0.618890 
7115.764960 	0.643416 
7116.078437 	0.668455 
7116.366173 	0.693147 
7116.793529 	0.722411 
7117.238121 	0.745209 
7117.560325 	0.754683 
7117.921230 	0.759121 
7118.290767 	0.764773 
7118.647452 	0.769151 
7119.021366 	0.770358 
7119.382425 	0.771974 
7119.717729 	0.778769 
7120.048766 	0.783390 
7120.366936 	0.788874 
7120.792641 	0.803831 
7121.227002 	0.815462 
7121.523775 	0.823355 
7121.842082 	0.831168 
7122.207742 	0.840135 
7122.577743 	0.844286 
7122.934875 	0.851133 
7123.304955 	0.858022 
7123.670771 	0.860518 
7124.006496 	0.866654 
7124.342253 	0.871915 
7124.660823 	0.877492 
7125.089216 	0.883000 
7125.526276 	0.888901 
7125.823423 	0.892809 
7126.142131 	0.894710 
7126.508250 	0.898610 
7126.878717 	0.900518 
7127.240607 	0.898610 
7127.615462 	0.903614 
7127.981740 	0.903264 
7128.317888 	0.902565 
7128.654069 	0.904292 
7129.117449 	0.904724 
7129.542090 	0.904127 
7129.839586 	0.906372 
7130.137107 	0.903428 
7130.456217 	0.902914 
7130.818485 	0.903078 
7131.189419 	0.902751 
7131.551766 	0.899658 
7131.922779 	0.898959 
7132.285203 	0.898640 
7132.621774 	0.896071 
7132.958378 	0.894554 
7133.422341 	0.891444 
7133.847516 	0.888007 
7134.145386 	0.887655 
7134.443282 	0.888559 
7134.758476 	0.883592 
7135.121200 	0.882301 
7135.496919 	0.881719 
7135.855402 	0.879393 
7136.226882 	0.878473 
7136.594082 	0.876514 
7136.935397 	0.874494 
7137.427988 	0.873141 
7137.881753 	0.873521 
7138.162685 	0.870616 
7138.460930 	0.870751 
7138.763524 	0.869385 
7139.083439 	0.868211 
7139.450945 	0.867302 
7139.822815 	0.865041 
7140.186076 	0.866213 
7140.558025 	0.865302 
7140.921364 	0.864736 
7141.429670 	0.862813 
7141.916417 	0.863072 
7142.210662 	0.859755 
7142.487621 	0.860806 
7142.786243 	0.859916 
7143.245047 	0.858752 
7143.764521 	0.855768 
7144.136859 	0.855992 
7144.500577 	0.855524 
7144.872995 	0.854831 
7145.241122 	0.856093 
7145.583299 	0.854346 
7145.916847 	0.853896 
7146.237429 	0.853070 
7146.527712 	0.852033 
7146.809354 	0.851914 
7147.257861 	0.850759 
7147.728099 	0.849833 
7148.087863 	0.851795 
7148.460671 	0.849371 
7148.824847 	0.847988 
7149.202071 	0.849026 
7149.570663 	0.848677 
7149.913272 	0.847068 
7150.251578 	0.847183 
7150.576904 	0.848677 
7150.867554 	0.846034 
7151.149552 	0.847298 
7151.600797 	0.844832 
7152.073799 	0.845693 
7152.438360 	0.843401 
7152.811640 	0.845693 
7153.176279 	0.843178 
7153.549639 	0.844322 
7153.918698 	0.844553 
7154.261742 	0.842146 
7154.596133 	0.844553 
7154.917527 	0.841361 
7155.208545 	0.843522 
7155.638602 	0.841815 
7156.086092 	0.842723 
7156.407625 	0.840221 
7156.768300 	0.840112 
7157.142051 	0.838974 
7157.502803 	0.840565 
7157.880981 	0.840456 
7158.250506 	0.838543 
7158.593982 	0.838522 
7158.928796 	0.835799 
7159.254944 	0.836829 
7159.689857 	0.836261 
7160.129175 	0.836169 
7160.429335 	0.835141 
7160.746924 	0.835036 
7161.112406 	0.831845 
7161.490981 	0.831641 
7161.852190 	0.832669 
7162.230847 	0.832429 
7162.600839 	0.830550 
7162.944750 	0.829179 
7163.284342 	0.828936 
7163.610904 	0.827952 
7164.048545 	0.826826 
7164.486242 	0.827022 
7164.791139 	0.826483 
7165.477981 	0.825309 
7166.939248 	0.823482 
7168.861295 	0.823829 
7170.936641 	0.823737 
7172.757779 	0.823083 
7174.568232 	0.822562 
7176.513087 	0.821229 
7178.237764 	0.821509 
7180.214151 	0.820639 
7182.120896 	0.819213 
7184.053372 	0.817878 
7185.885690 	0.816944 
7187.711089 	0.816055 
7189.658251 	0.816451 
7191.568759 	0.815634 
7193.554993 	0.815513 
7195.289673 	0.814861 
7197.231585 	0.814280 
7199.073988 	0.811779 
7201.090218 	0.809857 
7203.168553 	0.806961 
7204.937588 	0.803736 
7206.923286 	0.800143 
7208.653655 	0.796402 
7210.631333 	0.792742 
7212.604252 	0.788019 
7214.502140 	0.783269 
7216.400182 	0.778792 
7218.170975 	0.775166 
7220.163387 	0.771930 
7222.078260 	0.768712 
7224.077201 	0.765377 
7225.869799 	0.763131 
7227.771262 	0.761183 
7229.678058 	0.758296 
7231.644815 	0.756864 
7233.638754 	0.752969 
7235.389021 	0.750761 
7237.391930 	0.749049 
7239.189185 	0.746424 
7241.462667 	0.745935 
7243.968631 	0.745662 
7246.629312 	0.745394 
7249.110385 	0.745314 
7251.921124 	0.745652 
7254.459769 	0.745352 
7257.026544 	0.745067 
7259.672592 	0.744196 
7262.171926 	0.743219 
7265.011146 	0.740361 
7267.523439 	0.736131 
7270.145303 	0.731059 
7272.760950 	0.726138 
7275.302188 	0.721753 
7278.149285 	0.717459 
7280.651575 	0.714042 
7283.481628 	0.711418 
7286.281246 	0.708186 
7288.826678 	0.704749 
7291.518523 	0.702009 
7294.020210 	0.698300 
7296.870687 	0.694655 
7299.461901 	0.690454 
7302.055758 	0.686097 
7304.732508 	0.681610 
7307.254735 	0.677729 
7310.133577 	0.673687 
7312.690280 	0.671235 
7315.341111 	0.669248 
7318.162851 	0.667423 
7320.885490 	0.665831 
7323.619192 	0.664298 
7326.168276 	0.662948 
7329.004985 	0.661310 
7331.657681 	0.659194 
7334.232510 	0.656651 
7337.138642 	0.653612 
7339.683778 	0.650401 
7342.396570 	0.647668 
7345.007094 	0.644699 
7347.814137 	0.642077 
7351.224956 	0.638914 
7354.570177 	0.635246 
7357.697033 	0.631778 
7361.099013 	0.628164 
7364.679685 	0.624156 
7368.011790 	0.620314 
7371.359711 	0.615901 
7374.778224 	0.611546 
7378.181976 	0.607746 
7381.511237 	0.603756 
7384.890729 	0.599752 
7388.334418 	0.596818 
7391.716737 	0.592966 
7395.055960 	0.589778 
7398.479030 	0.586201 
7401.937812 	0.582857 
7405.120653 	0.579362 
7408.499032 	0.575343 
7412.117960 	0.570728 
7415.578251 	0.566928 
7418.936886 	0.562572 
7422.322746 	0.559025 
7425.787152 	0.555437 
7429.219847 	0.552432 
7432.580044 	0.549595 
7436.186739 	0.546940 
7439.671872 	0.544140 
7442.907886 	0.541439 
7446.306069 	0.538384 
7449.948339 	0.535042 
7453.450923 	0.532267 
7456.671522 	0.528760 
7460.106136 	0.525545 
7463.779506 	0.522059 
7467.282524 	0.518538 
7470.498122 	0.515331 
7473.969379 	0.511927 
7477.662171 	0.507850 
7481.156383 	0.504140 
7484.579259 	0.500966 
7488.624819 	0.497103 
7492.858884 	0.493010 
7496.920395 	0.488316 
7500.981249 	0.483632 
7505.035331 	0.479438 
7509.088287 	0.474566 
7513.144037 	0.470494 
7517.234525 	0.466307 
7521.536359 	0.462170 
7525.822323 	0.458542 
7529.930219 	0.454521 
7534.029141 	0.451598 
7538.110250 	0.447972 
7542.197709 	0.444087 
7546.312260 	0.440531 
7550.625063 	0.436615 
7554.930674 	0.432876 
7559.067171 	0.429588 
7563.191529 	0.425756 
7567.294825 	0.421491 
7571.413398 	0.417706 
7575.555740 	0.414027 
7579.705008 	0.409680 
7584.045118 	0.406231 
7588.410757 	0.401912 
7592.559004 	0.398275 
7596.696302 	0.394266 
7600.857527 	0.389950 
7605.028857 	0.385674 
7609.212114 	0.381103 
7613.595075 	0.376819 
7617.991893 	0.372058 
7622.169681 	0.368234 
7626.349063 	0.363960 
7630.542223 	0.360001 
7634.741518 	0.355918 
7638.960984 	0.352113 
7643.375084 	0.347896 
7647.789860 	0.344323 
7652.178674 	0.340138 
7656.785847 	0.335851 
7661.579419 	0.331432 
7666.389655 	0.327049 
7671.217219 	0.322714 
7676.036456 	0.318166 
7680.878226 	0.313637 
7685.722288 	0.308905 
7690.576498 	0.304690 
7695.428413 	0.300358 
7700.301329 	0.296132 
7705.153621 	0.292524 
7710.040341 	0.288176 
7714.916585 	0.283940 
7719.802152 	0.279379 
7724.695858 	0.275084 
7729.598212 	0.270774 
7734.687745 	0.265902 
7739.605763 	0.261434 
7744.522973 	0.256888 
7749.446981 	0.252215 
7754.380566 	0.247603 
7759.512641 	0.243090 
7764.461613 	0.238586 
7769.412165 	0.233974 
7774.370544 	0.229508 
7779.314806 	0.225172 
7784.297915 	0.220737 
7789.253161 	0.216877 
7794.237716 	0.212460 
7799.230606 	0.208422 
7804.214647 	0.204793 
7809.212090 	0.200691 
7814.211946 	0.196838 
7819.214009 	0.193067 
7824.226620 	0.189177 
7829.257764 	0.185492 
7834.270497 	0.181504 
7839.328237 	0.177940 
7844.373054 	0.173807 
7849.441325 	0.169581 
7854.941480 	0.165037 
7860.634880 	0.160734 
7866.128525 	0.156286 
7871.645648 	0.151958 
7877.342528 	0.147443 
7883.055903 	0.142927 
7888.581330 	0.138218 
7894.094840 	0.133552 
7899.844037 	0.128895 
7905.586249 	0.124394 
7911.145614 	0.120353 
7916.712739 	0.116279 
7922.294806 	0.111973 
7927.885455 	0.107581 
7933.703327 	0.103191 
7939.306573 	0.098914 
7944.935321 	0.094771 
7950.547135 	0.090149 
7956.178565 	0.085953 
7961.818122 	0.081371 
7967.462483 	0.076962 
7973.327723 	0.072339 
7978.980341 	0.068337 
7984.643669 	0.064167 
7990.531952 	0.059990 
7996.415535 	0.056030 
8002.306898 	0.052031 
8008.020189 	0.047776 
8013.704477 	0.042921 
8019.633188 	0.038131 
8025.370728 	0.033946 
8031.094038 	0.029694 
8036.855662 	0.024908 
8042.600218 	0.020759 
8048.574749 	0.016449 
8054.349673 	0.011483 
8060.118431 	0.006180 
8065.898600 	0.001508 
8071.691559 	-0.002983 
8077.694442 	-0.007204 
8083.943136 	-0.011504 
8090.378095 	-0.016312 
8096.624667 	-0.020806 
8102.865674 	-0.025293 
8109.137043 	-0.030106 
8115.434439 	-0.035369 
8121.723671 	-0.040112 
8128.039722 	-0.044911 
8134.339742 	-0.049836 
8140.654437 	-0.054566 
8147.198455 	-0.059901 
8153.736631 	-0.064986 
8160.106199 	-0.070056 
8166.253740 	-0.074232 
8172.635407 	-0.078812 
8179.033889 	-0.082602 
8185.429754 	-0.087026 
8192.064347 	-0.091264 
8198.473104 	-0.095709 
8204.888855 	-0.100133 
8211.560645 	-0.105115 
8218.014016 	-0.109504 
8224.260576 	-0.114171 
8230.732888 	-0.118861 
8237.205075 	-0.123586 
8243.706675 	-0.128143 
8250.406382 	-0.133153 
8257.136409 	-0.138267 
8263.655686 	-0.143059 
8269.963519 	-0.147740 
8276.514009 	-0.152134 
8283.064388 	-0.156581 
8289.645713 	-0.160801 
8296.211463 	-0.165136 
8302.800714 	-0.170208 
8309.617560 	-0.174999 
8316.440410 	-0.180195 
8323.087737 	-0.184835 
8329.491128 	-0.189339 
8336.137974 	-0.194009 
8343.030048 	-0.198576 
8350.145841 	-0.203184 
8357.262411 	-0.207818 
8364.152910 	-0.212073 
8371.091186 	-0.216451 
8378.040922 	-0.221349 
8385.235936 	-0.225942 
8392.422836 	-0.230835 
8399.590270 	-0.235957 
8406.816051 	-0.240879 
8413.825393 	-0.245217 
8420.850831 	-0.249838 
8427.877383 	-0.254244 
8434.898917 	-0.258881 
8442.168118 	-0.263578 
8449.449560 	-0.268142 
