6786.554968 	0.838109 
6792.368649 	0.830539 
6798.067338 	0.823209 
6803.761639 	0.816032 
6809.471304 	0.808690 
6815.376869 	0.801033 
6821.271481 	0.793492 
6827.048893 	0.786165 
6832.793538 	0.778681 
6838.618473 	0.771379 
6844.383155 	0.764024 
6850.244775 	0.756709 
6856.203902 	0.749204 
6862.088030 	0.741937 
6867.901054 	0.734486 
6873.802320 	0.727276 
6879.642001 	0.719914 
6885.555421 	0.712568 
6891.426315 	0.705317 
6897.520736 	0.697848 
6903.582982 	0.690337 
6909.525858 	0.683076 
6915.445586 	0.675845 
6921.395865 	0.668779 
6927.349724 	0.661656 
6933.305198 	0.654362 
6939.295837 	0.647120 
6945.432572 	0.639614 
6951.613825 	0.632286 
6957.592785 	0.625186 
6963.636161 	0.617986 
6969.630248 	0.610772 
6975.715488 	0.603740 
6981.738458 	0.596686 
6987.862753 	0.589529 
6994.092296 	0.582142 
7000.229624 	0.575215 
7006.311816 	0.568262 
7012.473645 	0.561000 
7018.592887 	0.553887 
7024.768334 	0.546926 
7030.917092 	0.539938 
7037.106593 	0.533000 
7043.295396 	0.526045 
7049.505248 	0.519117 
7055.719001 	0.512394 
7061.931148 	0.505553 
7068.176392 	0.498892 
7072.995229 	0.494011 
7074.768645 	0.491891 
7075.082612 	0.492131 
7075.576957 	0.490982 
7075.939805 	0.490748 
7076.135038 	0.490670 
7076.534027 	0.490033 
7076.920326 	0.490175 
7077.319407 	0.489345 
7077.705796 	0.488834 
7078.066749 	0.488794 
7078.423493 	0.488655 
7078.750541 	0.488436 
7079.052133 	0.487898 
7079.370745 	0.487687 
7079.693635 	0.487204 
7080.037802 	0.486392 
7080.428750 	0.486480 
7080.823994 	0.485724 
7081.210782 	0.485131 
7081.606116 	0.485203 
7081.984490 	0.484666 
7082.345898 	0.484273 
7082.698839 	0.484410 
7083.026299 	0.483810 
7083.328270 	0.483635 
7083.643030 	0.483451 
7083.970581 	0.483371 
7084.319436 	0.482589 
7084.715132 	0.482503 
7085.110875 	0.482143 
7085.502407 	0.481713 
7085.902498 	0.481268 
7086.281350 	0.480662 
7086.643215 	0.480514 
7086.996603 	0.480523 
7087.320219 	0.480031 
7087.626831 	0.479258 
7087.946248 	0.479126 
7088.269954 	0.479145 
7088.627771 	0.478452 
7089.028229 	0.478306 
7089.420213 	0.478625 
7089.812242 	0.477791 
7090.212840 	0.477850 
7090.587910 	0.477140 
7090.945971 	0.477268 
7091.299806 	0.476768 
7091.615304 	0.476892 
7091.922304 	0.476403 
7092.242124 	0.475943 
7092.570505 	0.476209 
7092.924509 	0.475310 
7093.325473 	0.475526 
7093.717952 	0.475064 
7094.110477 	0.474729 
7094.507314 	0.474281 
7094.878590 	0.474369 
7095.241371 	0.474176 
7095.587115 	0.473665 
7095.903011 	0.473574 
7096.210398 	0.473574 
7096.534891 	0.472655 
7096.863686 	0.472832 
7097.226678 	0.472729 
7097.628150 	0.472460 
7098.025397 	0.472410 
7098.418419 	0.472256 
7098.815758 	0.471988 
7099.187505 	0.471733 
7099.550745 	0.471847 
7099.896927 	0.471910 
7100.208948 	0.471325 
7100.520999 	0.471846 
7100.845903 	0.471617 
7101.179390 	0.471223 
7101.555671 	0.471730 
7101.957653 	0.471032 
7102.351128 	0.471222 
7102.748927 	0.470968 
7103.142493 	0.471704 
7103.510434 	0.470930 
7103.874135 	0.471208 
7104.216477 	0.471906 
7104.524614 	0.472070 
7104.832780 	0.472603 
7105.158096 	0.472540 
7105.487724 	0.472870 
7105.868762 	0.473516 
7106.266971 	0.474024 
7106.656661 	0.474519 
7107.054962 	0.474698 
7107.449026 	0.476847 
7107.817432 	0.478605 
7108.177308 	0.481049 
7108.520083 	0.485816 
7108.828609 	0.490678 
7109.141450 	0.495438 
7109.467177 	0.500041 
7109.805794 	0.500519 
7110.187315 	0.500307 
7110.594604 	0.499595 
7110.984789 	0.499870 
7111.387884 	0.500769 
7111.782449 	0.500351 
7112.147033 	0.500582 
7112.511656 	0.500456 
7112.850576 	0.502315 
7113.159495 	0.504959 
7113.477023 	0.509561 
7113.803165 	0.514945 
7114.150797 	0.521826 
7114.537096 	0.531248 
7114.940611 	0.544396 
7115.331293 	0.561024 
7115.734902 	0.585589 
7116.121381 	0.617325 
7116.486429 	0.659085 
7116.847220 	0.714821 
7117.182275 	0.786057 
7117.487289 	0.875861 
7117.805221 	0.990044 
7118.131775 	1.127103 
7118.475551 	1.287269 
7118.870936 	1.461961 
7119.270665 	1.634890 
7119.661843 	1.796519 
7120.065963 	1.935513 
7120.452932 	2.050532 
7120.818443 	2.136995 
7121.179693 	2.199065 
7121.510871 	2.239809 
7121.816272 	2.266444 
7122.138909 	2.288024 
7122.465878 	2.305767 
7122.818696 	2.322998 
7123.218886 	2.339153 
7123.619124 	2.351121 
7124.015104 	2.351821 
7124.415435 	2.331457 
7124.802897 	2.293453 
7125.168874 	2.240926 
7125.526276 	2.178586 
7125.853570 	2.119796 
7126.163666 	2.065817 
7126.486713 	2.020249 
7126.814098 	1.982200 
7127.175981 	1.951547 
7127.576682 	1.925985 
7127.973121 	1.909207 
7128.369606 	1.899937 
7128.770447 	1.903982 
7129.149780 	1.920854 
7129.516222 	1.949434 
7129.869768 	1.990025 
7130.193165 	2.031632 
7130.503654 	2.065981 
7130.827111 	2.082260 
7131.159225 	2.075478 
7131.521569 	2.048705 
7131.927093 	2.002857 
7132.328351 	1.949124 
7132.725341 	1.894246 
7133.126692 	1.844191 
7133.506509 	1.799176 
7133.869100 	1.766225 
7134.227413 	1.744736 
7134.546904 	1.733943 
7134.857789 	1.732292 
7135.185976 	1.732948 
7135.518513 	1.735578 
7135.889957 	1.733240 
7136.295999 	1.725678 
7136.693449 	1.711909 
7137.095265 	1.691813 
7137.497129 	1.670250 
7137.873109 	1.648316 
7138.240485 	1.626539 
7138.590610 	1.609057 
7138.906185 	1.593161 
7139.221790 	1.580350 
7139.546071 	1.569230 
7139.883356 	1.561773 
7140.259597 	1.554350 
7140.666158 	1.547690 
7141.059789 	1.540931 
7141.462118 	1.533308 
7141.860167 	1.524196 
7142.232299 	1.514105 
7142.595815 	1.501958 
7142.946385 	1.490368 
7143.258032 	1.477644 
7143.574038 	1.464919 
7143.903060 	1.454396 
7144.240774 	1.443427 
7144.626155 	1.435110 
7145.033234 	1.427011 
7145.431698 	1.420736 
7145.834540 	1.415709 
7146.233097 	1.412320 
7146.605703 	1.408612 
7146.969683 	1.405789 
7147.316367 	1.404363 
7147.628412 	1.402626 
7147.949154 	1.401527 
7148.278597 	1.399671 
7148.616742 	1.398651 
7149.006950 	1.398701 
7149.414549 	1.396985 
7149.813522 	1.397174 
7150.221216 	1.396531 
7150.615945 	1.396084 
7150.984689 	1.396084 
7151.349134 	1.396395 
7151.687581 	1.396647 
7152.000024 	1.398428 
7152.316835 	1.399310 
7152.646697 	1.402238 
7152.989614 	1.406187 
7153.380319 	1.409840 
7153.788438 	1.415437 
7154.179234 	1.421636 
7154.587447 	1.430034 
7154.978335 	1.437782 
7155.347548 	1.448831 
7155.712456 	1.459617 
7156.051333 	1.472407 
7156.359828 	1.485041 
7156.685733 	1.499488 
7157.016015 	1.513667 
7157.363714 	1.529540 
7157.763611 	1.544290 
7158.172250 	1.560555 
7158.567894 	1.575995 
7158.976629 	1.591663 
7159.368016 	1.607753 
7159.737701 	1.621384 
7160.103075 	1.634677 
7160.438036 	1.647685 
7160.746924 	1.659384 
7161.073245 	1.669864 
7161.408300 	1.679926 
7161.760796 	1.689387 
7162.165558 	1.696790 
7162.570368 	1.703844 
7162.966518 	1.710786 
7163.375776 	1.715818 
7163.758955 	1.721857 
7164.124757 	1.725702 
7164.490598 	1.728633 
7164.821630 	1.732816 
7165.456198 	1.737354 
7166.943606 	1.739082 
7169.010922 	1.735476 
7170.749664 	1.717500 
7172.703933 	1.681593 
7174.608420 	1.647395 
7176.546741 	1.628557 
7178.312978 	1.620674 
7180.147500 	1.619908 
7182.207724 	1.621182 
7183.963358 	1.617445 
7185.921482 	1.608316 
7187.826853 	1.592563 
7189.777005 	1.574208 
7191.537737 	1.556744 
7193.403021 	1.543942 
7195.455205 	1.537791 
7197.230046 	1.536813 
7199.186907 	1.538167 
7201.095207 	1.541312 
7203.058146 	1.543365 
7204.815081 	1.543603 
7206.710468 	1.541779 
7208.753652 	1.537554 
7210.553352 	1.531551 
7212.503408 	1.523161 
7214.419063 	1.512193 
7216.394877 	1.501516 
7218.151511 	1.492906 
7220.072798 	1.489004 
7222.108523 	1.489105 
7223.932525 	1.493143 
7225.874232 	1.498448 
7227.804976 	1.504035 
7229.792865 	1.507319 
7231.550077 	1.508515 
7233.493013 	1.509024 
7235.523875 	1.509871 
7237.369021 	1.511876 
7239.303417 	1.513989 
7241.454502 	1.516921 
7243.958763 	1.521086 
7246.557952 	1.525068 
7249.164821 	1.525196 
7251.852767 	1.520810 
7254.388248 	1.513187 
7257.103870 	1.502380 
7259.684743 	1.489381 
7262.329608 	1.475418 
7265.002740 	1.462318 
7267.565744 	1.451635 
7270.296770 	1.445257 
7272.864303 	1.440245 
7275.546150 	1.436852 
7278.192763 	1.434612 
7280.794410 	1.433060 
7283.528705 	1.430226 
7286.088569 	1.426139 
7288.803784 	1.420909 
7291.423652 	1.414717 
7294.066792 	1.408669 
7296.796597 	1.403398 
7299.364228 	1.398832 
7302.105279 	1.394705 
7304.703356 	1.392090 
7307.386988 	1.389495 
7310.099271 	1.387004 
7312.693527 	1.384591 
7315.446945 	1.382422 
7318.037345 	1.379668 
7320.765663 	1.376040 
7323.453764 	1.372184 
7326.084605 	1.367273 
7328.848517 	1.362954 
7331.445529 	1.357579 
7334.387420 	1.351008 
7337.082006 	1.345211 
7339.543765 	1.340478 
7342.303838 	1.336802 
7344.912081 	1.334421 
7347.882103 	1.331572 
7351.148936 	1.327322 
7354.375160 	1.322020 
7357.697033 	1.317626 
7361.219841 	1.313421 
7364.475821 	1.308943 
7367.745053 	1.303112 
7371.272732 	1.296309 
7374.803922 	1.289251 
7378.057546 	1.283240 
7381.354187 	1.277639 
7384.901604 	1.272082 
7388.431928 	1.265798 
7391.686760 	1.260291 
7395.017710 	1.255499 
7398.576197 	1.250487 
7401.900071 	1.245532 
7405.180265 	1.239668 
7408.729719 	1.232994 
7412.302446 	1.227229 
7415.612238 	1.223241 
7418.924189 	1.219662 
7422.501405 	1.215242 
7425.893785 	1.210597 
7429.180707 	1.205797 
7432.726933 	1.200964 
7436.326351 	1.196305 
7439.716164 	1.191656 
7443.013185 	1.187391 
7446.583099 	1.182724 
7450.012941 	1.178673 
7453.363707 	1.174287 
7456.687233 	1.169315 
7460.107136 	1.164526 
7463.721493 	1.158793 
7467.064306 	1.153516 
7470.440053 	1.147829 
7474.067981 	1.142553 
7477.679467 	1.137611 
7481.018989 	1.133033 
7484.630772 	1.128076 
7488.651560 	1.122457 
7492.863230 	1.116667 
7497.077511 	1.111125 
7501.082480 	1.106029 
7505.090451 	1.100850 
7509.107190 	1.095366 
7513.164928 	1.089761 
7517.455492 	1.084022 
7521.706544 	1.078050 
7525.743686 	1.072746 
7529.780496 	1.067273 
7533.818899 	1.061817 
7538.075045 	1.056532 
7542.336137 	1.050872 
7546.425395 	1.045578 
7550.701274 	1.039993 
7555.001898 	1.033978 
7559.083016 	1.028551 
7563.148724 	1.023158 
7567.246295 	1.017853 
7571.364103 	1.012869 
7575.686903 	1.007692 
7580.025463 	1.002374 
7584.171431 	0.997071 
7588.289220 	0.991835 
7592.395432 	0.986534 
7596.537732 	0.981256 
7600.695553 	0.975933 
7605.050819 	0.970655 
7609.425665 	0.965318 
7613.591204 	0.960089 
7617.726841 	0.955379 
7621.868621 	0.950416 
7626.038870 	0.945393 
7630.428038 	0.940032 
7634.815531 	0.934919 
7639.212053 	0.929238 
7643.617628 	0.923740 
7647.789135 	0.918302 
7651.970354 	0.913292 
7656.602100 	0.907554 
7661.419213 	0.901571 
7666.279369 	0.895939 
7671.118688 	0.890082 
7675.972373 	0.884465 
7680.836311 	0.878781 
7685.711370 	0.873066 
7690.572581 	0.867149 
7695.465885 	0.861524 
7700.348701 	0.855785 
7705.238894 	0.850169 
7710.141825 	0.844437 
7715.034673 	0.838610 
7719.945050 	0.832912 
7724.858815 	0.827311 
7729.776896 	0.821793 
7734.699528 	0.816150 
7739.653288 	0.810378 
7744.570492 	0.804717 
7749.536729 	0.799036 
7754.495367 	0.793382 
7759.457072 	0.787846 
7764.212590 	0.782617 
7769.195294 	0.777024 
7774.169062 	0.771600 
7779.164101 	0.766205 
7784.157162 	0.760688 
7789.161137 	0.755149 
7794.167134 	0.749596 
7799.187818 	0.744171 
7804.197624 	0.738543 
7809.016220 	0.733235 
7814.052017 	0.727726 
7819.079186 	0.722235 
7824.147314 	0.716843 
7829.408200 	0.711217 
7834.456148 	0.705738 
7839.534537 	0.700081 
7844.594726 	0.694708 
7849.667376 	0.689201 
7855.201185 	0.683123 
7860.725197 	0.677228 
7866.277379 	0.671102 
7871.818362 	0.665152 
7877.378569 	0.659743 
7882.939513 	0.653735 
7888.503602 	0.647837 
7894.074995 	0.641997 
7899.672238 	0.636334 
7905.475712 	0.630003 
7911.094756 	0.624128 
7916.712239 	0.618489 
7922.342614 	0.612878 
7927.991741 	0.607045 
7933.655407 	0.601364 
7939.313206 	0.595661 
7944.995782 	0.589908 
7950.661058 	0.584161 
7956.357067 	0.578608 
7962.054146 	0.572707 
7967.768253 	0.567089 
7973.268369 	0.561758 
7978.994163 	0.555993 
7984.727932 	0.550526 
7990.485201 	0.544718 
7996.222931 	0.539045 
8002.012996 	0.533292 
8007.780956 	0.527651 
8013.562932 	0.521920 
8019.587203 	0.516223 
8025.377757 	0.510661 
8031.177729 	0.504949 
8037.001844 	0.499309 
8042.813962 	0.493869 
8048.661665 	0.488238 
8054.482063 	0.482551 
8060.333754 	0.476857 
8065.954604 	0.471624 
8071.796348 	0.465794 
8077.910085 	0.460126 
8084.024350 	0.454065 
8090.142138 	0.448280 
8096.527659 	0.442160 
8102.890233 	0.436637 
8109.272969 	0.430657 
8115.682881 	0.424662 
8121.867171 	0.418745 
8128.063366 	0.412957 
8134.253194 	0.407106 
8140.709568 	0.401266 
8147.143038 	0.395103 
8153.590758 	0.389146 
8160.054025 	0.383226 
8166.499775 	0.377314 
8173.004198 	0.371481 
8179.253387 	0.365767 
8185.508021 	0.360160 
8191.789773 	0.354319 
8198.305284 	0.348398 
8204.829904 	0.342421 
8211.352986 	0.336515 
8217.901776 	0.330725 
8224.463029 	0.324971 
8231.042554 	0.318984 
8237.401954 	0.313392 
8243.751329 	0.307701 
8250.118427 	0.302001 
8256.755432 	0.296156 
8263.603006 	0.290297 
8270.256081 	0.284445 
8276.661389 	0.278832 
8283.085524 	0.273203 
8289.780685 	0.267581 
8296.471701 	0.261855 
8302.931661 	0.256393 
8309.384686 	0.250736 
8316.108191 	0.244960 
8323.067370 	0.238811 
8329.800403 	0.233105 
8336.319916 	0.227667 
8343.078404 	0.222281 
8350.124322 	0.216380 
8357.164105 	0.210493 
8364.190403 	0.204445 
8371.250774 	0.198703 
8378.332461 	0.192973 
8385.452778 	0.187042 
8392.306165 	0.181224 
8399.181304 	0.175484 
8406.546406 	0.169413 
8413.925856 	0.163268 
8420.853702 	0.157771 
8427.758871 	0.152245 
8434.962914 	0.146272 
8442.148184 	0.140446 
8449.328555 	0.134514 
8456.540359 	0.128478 
8463.772747 	0.122595 
8471.039434 	0.116675 
8478.026274 	0.110928 
8485.301048 	0.105240 
8492.810123 	0.099638 
8500.094543 	0.093794 
8507.162448 	0.088046 
8514.219571 	0.082371 
8521.573904 	0.076524 
8528.899372 	0.070774 
8536.234675 	0.065015 
8543.597293 	0.059164 
8550.980610 	0.053505 
8558.399079 	0.047727 
8565.797482 	0.041972 
8573.204088 	0.036301 
8580.606706 	0.030423 
8588.038771 	0.024658 
8595.501312 	0.018865 
8602.688437 	0.013392 
8609.909100 	0.007802 
8617.638125 	0.002029 
8625.388914 	-0.003930 
8632.644663 	-0.009386 
8639.903169 	-0.014919 
8647.474294 	-0.020522 
