6786.504586 	1.258573 
6792.229393 	1.250293 
6797.979349 	1.242478 
6803.726945 	1.234377 
6809.518905 	1.226344 
6815.447139 	1.218025 
6821.272342 	1.210042 
6827.060927 	1.201876 
6832.920291 	1.193674 
6838.722990 	1.185907 
6844.617834 	1.177592 
6850.443980 	1.169414 
6856.197435 	1.161593 
6862.050183 	1.153390 
6867.983352 	1.145536 
6873.694825 	1.137747 
6879.644002 	1.129750 
6885.551831 	1.121971 
6891.516238 	1.113760 
6897.455909 	1.105728 
6903.423754 	1.097705 
6909.397238 	1.089962 
6915.380856 	1.082179 
6921.393097 	1.074463 
6927.394387 	1.066360 
6933.439548 	1.058561 
6939.456119 	1.050823 
6945.534634 	1.042799 
6951.560429 	1.034432 
6957.662708 	1.026389 
6963.535341 	1.018784 
6969.495827 	1.011189 
6975.557343 	1.003553 
6981.710580 	0.996014 
6987.800274 	0.988210 
6993.976774 	0.980589 
7000.091825 	0.972951 
7006.281097 	0.965210 
7012.422562 	0.957310 
7018.626964 	0.949516 
7024.802651 	0.941804 
7030.842148 	0.934238 
7037.054544 	0.926596 
7043.276371 	0.918945 
7049.521845 	0.911157 
7055.756544 	0.903363 
7062.039522 	0.896073 
7068.289643 	0.888780 
7073.015206 	0.882956 
7074.929868 	0.880703 
7075.320228 	0.880466 
7075.702146 	0.880607 
7076.062885 	0.878887 
7076.415174 	0.879211 
7076.746274 	0.878704 
7077.047688 	0.877636 
7077.349128 	0.878221 
7077.663334 	0.877713 
7077.981816 	0.877051 
7078.342797 	0.877038 
7078.733551 	0.876583 
7079.115853 	0.875754 
7079.502446 	0.875417 
7079.893333 	0.875015 
7080.254518 	0.875055 
7080.607242 	0.874718 
7080.947251 	0.874408 
7081.253289 	0.873905 
7081.555103 	0.873297 
7081.869698 	0.873183 
7082.188574 	0.872162 
7082.545751 	0.872126 
7082.936988 	0.871856 
7083.324017 	0.871353 
7083.711090 	0.870918 
7084.106715 	0.870336 
7084.472603 	0.870161 
7084.825765 	0.870042 
7085.170453 	0.869043 
7085.472615 	0.868993 
7085.925909 	0.868377 
7086.400548 	0.867707 
7086.749653 	0.867049 
7087.137116 	0.867470 
7087.524624 	0.867000 
7087.716264 	0.867032 
7087.907916 	0.867064 
7088.299771 	0.865999 
7088.670370 	0.865457 
7089.023969 	0.864989 
7089.373343 	0.864256 
7089.833549 	0.864034 
7090.293817 	0.863926 
7090.609222 	0.863063 
7090.945971 	0.863588 
7091.333912 	0.862838 
7091.721898 	0.862302 
7092.109928 	0.862261 
7092.502267 	0.861521 
7092.881855 	0.861755 
7093.235892 	0.861321 
7093.581433 	0.860664 
7093.905676 	0.860729 
7094.204348 	0.860266 
7094.515848 	0.859745 
7094.831645 	0.859095 
7095.168812 	0.859002 
7095.552966 	0.858638 
7095.945702 	0.858149 
7096.325675 	0.858136 
7096.722770 	0.858172 
7097.098559 	0.857933 
7097.453034 	0.857004 
7097.807546 	0.856977 
7098.132192 	0.856420 
7098.426963 	0.856325 
7098.734577 	0.856265 
7099.050766 	0.856151 
7099.379803 	0.856302 
7099.755885 	0.855738 
7100.149106 	0.855458 
7100.533823 	0.854316 
7100.927134 	0.854525 
7101.311939 	0.853923 
7101.671129 	0.854589 
7102.021803 	0.854136 
7102.355405 	0.854222 
7102.654820 	0.854737 
7103.116825 	0.853970 
7103.600286 	0.853831 
7103.968275 	0.853870 
7104.361983 	0.853976 
7104.554574 	0.853849 
7104.747175 	0.853722 
7105.140973 	0.853911 
7105.530535 	0.854322 
7105.894451 	0.855089 
7106.254125 	0.855009 
7106.744455 	0.854953 
7107.200590 	0.855961 
7107.517564 	0.856727 
7107.838852 	0.858143 
7108.203015 	0.860668 
7108.597212 	0.864412 
7108.982883 	0.869300 
7109.372884 	0.873699 
7109.767216 	0.877397 
7110.131585 	0.879532 
7110.487418 	0.879369 
7110.826137 	0.880759 
7111.134872 	0.881784 
7111.439347 	0.885004 
7111.752426 	0.889121 
7112.074113 	0.895632 
7112.425859 	0.905692 
7112.820544 	0.919507 
7113.210984 	0.934134 
7113.597177 	0.947685 
7113.991997 	0.957260 
7114.361110 	0.963630 
7114.717384 	0.969167 
7115.065109 	0.976965 
7115.378522 	0.988479 
7115.674787 	1.003355 
7115.988256 	1.018510 
7116.306047 	1.032951 
7116.653934 	1.046334 
7117.049108 	1.064640 
7117.440032 	1.090303 
7117.831000 	1.126290 
7118.230607 	1.174826 
7118.608773 	1.237947 
7118.965491 	1.311150 
7119.317948 	1.396748 
7119.636049 	1.485583 
7119.936984 	1.572321 
7120.409934 	1.674769 
7120.904452 	1.744200 
7121.291516 	1.773674 
7121.489365 	1.785995 
7121.687226 	1.798461 
7122.070077 	1.822033 
7122.470180 	1.844500 
7122.848816 	1.862048 
7123.205976 	1.876408 
7123.558870 	1.888034 
7124.034474 	1.903223 
7124.492924 	1.918570 
7124.811508 	1.928133 
7125.147344 	1.938349 
7125.526276 	1.945653 
7125.922478 	1.949453 
7126.305803 	1.948036 
7126.702094 	1.939948 
7127.089815 	1.925659 
7127.451728 	1.910267 
7127.805060 	1.896005 
7128.136881 	1.884498 
7128.438564 	1.876801 
7128.748895 	1.872543 
7129.067875 	1.870130 
7129.399819 	1.866854 
7129.783534 	1.859741 
7130.184540 	1.846943 
7130.572656 	1.828678 
7130.969442 	1.807388 
7131.361960 	1.782468 
7131.728639 	1.757678 
7132.082413 	1.732908 
7132.418964 	1.709163 
7132.721025 	1.686643 
7133.027429 	1.664723 
7133.346808 	1.646905 
7133.674850 	1.629053 
7134.041776 	1.615618 
7134.438965 	1.603997 
7134.827563 	1.593534 
7135.220524 	1.584938 
7135.613530 	1.575515 
7135.980664 	1.566454 
7136.339198 	1.555608 
7136.680487 	1.545144 
7136.987245 	1.534871 
7137.451755 	1.519670 
7137.929293 	1.507196 
7138.292353 	1.500652 
7138.690035 	1.494911 
7138.884570 	1.492885 
7139.079116 	1.490865 
7139.472564 	1.489819 
7139.870383 	1.488910 
7140.242298 	1.491278 
7140.601278 	1.494024 
7140.951644 	1.497925 
7141.416691 	1.503335 
7141.890455 	1.508911 
7142.214989 	1.510927 
7142.574176 	1.511685 
7142.972354 	1.511698 
7143.361921 	1.511475 
7143.755862 	1.508730 
7144.154178 	1.505870 
7144.340363 	1.503981 
7144.706268 	1.500439 
7145.236791 	1.495774 
7145.552978 	1.493809 
7145.856199 	1.492017 
7146.168112 	1.491222 
7146.488718 	1.491577 
7146.835353 	1.491385 
7147.229692 	1.492244 
7147.624077 	1.492847 
7148.014173 	1.493728 
7148.417319 	1.494024 
7148.794498 	1.494238 
7149.154374 	1.494024 
7149.509951 	1.494563 
7149.830870 	1.493143 
7150.134469 	1.492895 
7150.446770 	1.491598 
7150.767776 	1.490764 
7151.110505 	1.488842 
7151.500997 	1.487750 
7151.895873 	1.486033 
7152.286455 	1.484192 
7152.685762 	1.482076 
7153.076433 	1.481197 
7153.441100 	1.479673 
7153.801463 	1.479380 
7154.131468 	1.478899 
7154.435448 	1.477720 
7154.911012 	1.478381 
7155.408363 	1.479712 
7155.790655 	1.482087 
7155.990507 	1.483111 
7156.190370 	1.484136 
7156.581440 	1.486608 
7156.981247 	1.490301 
7157.372407 	1.492460 
7157.737530 	1.497468 
7158.093997 	1.500655 
7158.580938 	1.506142 
7159.041857 	1.511145 
7159.363667 	1.514439 
7159.694206 	1.518232 
7160.072626 	1.521249 
7160.472839 	1.524522 
7160.860045 	1.527452 
7161.260350 	1.530391 
7161.656349 	1.534063 
7162.021928 	1.537450 
7162.383192 	1.540635 
7162.722728 	1.543215 
7163.031822 	1.546081 
7163.340944 	1.548564 
7163.663156 	1.551892 
7163.989754 	1.554714 
7164.359936 	1.557860 
7164.765004 	1.561571 
7165.554951 	1.569384 
7167.015088 	1.587127 
7168.697947 	1.611476 
7170.795843 	1.625743 
7172.642375 	1.625346 
7174.543770 	1.619745 
7176.456268 	1.606948 
7178.474783 	1.590521 
7180.305890 	1.575715 
7182.018019 	1.562519 
7183.942991 	1.552108 
7185.796578 	1.544508 
7187.889121 	1.537517 
7189.615547 	1.530337 
7191.453455 	1.522007 
7193.473735 	1.509377 
7195.387087 	1.495445 
7197.307214 	1.482863 
7199.168576 	1.470357 
7201.289778 	1.463043 
7203.001770 	1.459497 
7204.880300 	1.457788 
7206.863760 	1.457714 
7208.823946 	1.460044 
7210.725060 	1.464482 
7212.411694 	1.470645 
7214.361618 	1.476028 
7216.269753 	1.479829 
7218.342619 	1.481003 
7220.135650 	1.479728 
7221.906580 	1.477538 
7224.000837 	1.474111 
7225.892706 	1.471379 
7227.858208 	1.471279 
7229.749812 	1.472261 
7231.664429 	1.473363 
7233.459392 	1.473130 
7235.441480 	1.470094 
7237.516186 	1.464893 
7239.443171 	1.458655 
7241.578459 	1.453492 
7243.860718 	1.447754 
7246.498062 	1.442225 
7249.033475 	1.438597 
7251.778747 	1.436786 
7254.616864 	1.435812 
7257.089811 	1.434756 
7259.745500 	1.432331 
7262.277127 	1.427688 
7264.873358 	1.421864 
7267.502928 	1.418161 
7270.194134 	1.416412 
7273.045982 	1.414119 
7275.570563 	1.410195 
7278.196621 	1.404877 
7280.811783 	1.398804 
7283.341974 	1.392780 
7286.206010 	1.387697 
7288.718337 	1.385031 
7291.396789 	1.383621 
7294.175944 	1.380327 
7296.737779 	1.374522 
7299.423091 	1.367103 
7301.937622 	1.358755 
7304.820937 	1.349987 
7307.391634 	1.341648 
7310.008682 	1.335098 
7312.863645 	1.330454 
7315.400810 	1.328471 
7318.121882 	1.329453 
7320.658286 	1.331434 
7323.497969 	1.333969 
7326.355749 	1.335307 
7328.911788 	1.335246 
7331.638097 	1.334070 
7334.172491 	1.331874 
7337.043105 	1.328532 
7339.699263 	1.324333 
7342.296881 	1.319094 
7345.201058 	1.314043 
7347.946372 	1.308679 
7351.182121 	1.302490 
7354.636612 	1.295264 
7357.818641 	1.288396 
7361.013514 	1.280619 
7364.464291 	1.272826 
7367.912274 	1.266288 
7371.284028 	1.260833 
7374.694451 	1.255072 
7378.167314 	1.249032 
7381.615769 	1.243155 
7384.793432 	1.238785 
7388.248467 	1.235909 
7391.920828 	1.234609 
7395.167223 	1.234134 
7398.370276 	1.232988 
7401.847182 	1.230812 
7405.348737 	1.227549 
7408.765522 	1.223318 
7412.200645 	1.218083 
7415.698864 	1.212392 
7419.021889 	1.206459 
7422.232638 	1.201004 
7425.714630 	1.194808 
7429.236547 	1.188217 
7432.719098 	1.181810 
7436.153275 	1.176535 
7439.649366 	1.172340 
7443.187117 	1.168751 
7446.469240 	1.165500 
7449.737706 	1.161915 
7453.267036 	1.157821 
7456.802994 	1.153957 
7460.268738 	1.150145 
7463.759958 	1.146753 
7467.312060 	1.143293 
7470.857113 	1.139683 
7474.113360 	1.135544 
7477.457842 	1.131146 
7481.030372 	1.126192 
7484.743341 	1.121378 
7488.642487 	1.116249 
7492.563537 	1.111223 
7496.714600 	1.105641 
7501.054863 	1.099885 
7505.210376 	1.094253 
7509.358965 	1.089037 
7513.515419 	1.084035 
7517.442846 	1.079623 
7521.398145 	1.074790 
7525.590759 	1.069827 
7529.958320 	1.064456 
7534.144795 	1.059658 
7538.147392 	1.055299 
7542.311817 	1.050190 
7546.489439 	1.044924 
7550.487681 	1.040175 
7554.698575 	1.035326 
7558.912128 	1.030906 
7563.135254 	1.026267 
7567.365360 	1.021381 
7571.364103 	1.016674 
7575.574858 	1.012271 
7579.798262 	1.007767 
7584.040364 	1.003144 
7588.283330 	0.998752 
7592.546943 	0.993896 
7596.804837 	0.989295 
7600.833933 	0.984526 
7604.880772 	0.980027 
7609.150191 	0.974801 
7613.417752 	0.969764 
7617.721129 	0.964847 
7622.211559 	0.959442 
7626.511946 	0.953965 
7630.587672 	0.948595 
7634.661949 	0.943505 
7638.964151 	0.938394 
7643.266894 	0.932710 
7647.602139 	0.927607 
7652.123250 	0.922468 
7656.845432 	0.917002 
7661.802634 	0.911534 
7666.547873 	0.906126 
7671.284372 	0.900896 
7676.262219 	0.895483 
7681.026184 	0.890501 
7685.799978 	0.885055 
7690.592306 	0.879690 
7695.373257 	0.874481 
7700.379324 	0.868685 
7705.173193 	0.863832 
7709.976742 	0.858718 
7714.999966 	0.853388 
7719.807735 	0.848551 
7724.630507 	0.843763 
7729.670972 	0.838695 
7734.490653 	0.833169 
7739.328837 	0.827978 
7744.394727 	0.822032 
7749.453816 	0.816534 
7754.296000 	0.811102 
7759.174079 	0.805735 
7764.251889 	0.800231 
7769.336581 	0.794813 
7774.229107 	0.789498 
7779.107696 	0.784525 
7784.211252 	0.779036 
7789.334261 	0.773910 
7794.451280 	0.768842 
7799.371479 	0.763625 
7804.293102 	0.758628 
7809.427439 	0.753470 
7814.367220 	0.748352 
7819.300174 	0.743385 
7824.449732 	0.738067 
7829.411295 	0.732857 
7834.368366 	0.727773 
7839.543287 	0.721913 
7844.526383 	0.716528 
7849.517787 	0.711222 
7854.944087 	0.705813 
7860.603058 	0.700522 
7866.257857 	0.694789 
7871.925146 	0.689059 
7877.611080 	0.683506 
7883.079801 	0.678091 
7888.545329 	0.672859 
7894.251200 	0.667186 
7899.954940 	0.661840 
7905.464274 	0.656691 
7910.962078 	0.651423 
7916.699875 	0.645682 
7922.224575 	0.640120 
7927.759039 	0.635087 
7933.528258 	0.629404 
7939.300355 	0.623968 
7944.845112 	0.618177 
7950.425316 	0.613092 
7956.214106 	0.607619 
7962.010359 	0.601580 
7967.823277 	0.595782 
7973.629910 	0.590057 
7979.246878 	0.584475 
7984.846994 	0.579260 
7990.682231 	0.573509 
7996.543953 	0.568082 
8002.181364 	0.563034 
8007.821431 	0.558142 
8013.707888 	0.552905 
8019.589319 	0.547834 
8025.267547 	0.542990 
8030.952737 	0.538182 
8036.863739 	0.533035 
8042.562857 	0.527845 
8048.267125 	0.523026 
8054.214725 	0.517886 
8060.171404 	0.512776 
8065.880825 	0.507810 
8071.635917 	0.502513 
8077.824895 	0.496277 
8084.033817 	0.489958 
8090.250532 	0.484149 
8096.716866 	0.478451 
8102.976711 	0.472938 
8108.994224 	0.467453 
8115.264011 	0.462116 
8121.776118 	0.456627 
8128.037691 	0.451304 
8134.333266 	0.445750 
8140.848615 	0.440262 
8147.168837 	0.434847 
8153.499658 	0.429483 
8159.829415 	0.423768 
8166.194580 	0.418133 
8172.535477 	0.412259 
8178.908638 	0.406618 
8185.510986 	0.401019 
8192.113655 	0.395102 
8198.527527 	0.389681 
8204.927611 	0.384529 
8211.359144 	0.379061 
8217.800317 	0.373947 
8224.221532 	0.368553 
8230.687771 	0.363101 
8237.357926 	0.357220 
8244.059202 	0.351596 
8250.540269 	0.345879 
8257.027157 	0.340596 
8263.550294 	0.335401 
8270.064860 	0.330366 
8276.589114 	0.325263 
8283.124887 	0.319984 
8289.893469 	0.314715 
8296.452180 	0.309266 
8302.991550 	0.304224 
8309.817318 	0.298537 
8316.414163 	0.293157 
8322.768172 	0.287810 
8329.398905 	0.282551 
8336.258843 	0.276882 
8343.134692 	0.271481 
8350.244841 	0.265555 
8357.390474 	0.259699 
8364.324571 	0.254175 
8371.248627 	0.248894 
8378.197399 	0.243699 
8385.373322 	0.238476 
8392.561824 	0.233056 
8399.528061 	0.227559 
8406.520505 	0.222052 
8413.536657 	0.216529 
8420.534450 	0.211475 
8427.801393 	0.206065 
8435.054069 	0.200792 
8442.089638 	0.195269 
8449.159615 	0.189547 
8456.482368 	0.183369 
8463.814473 	0.177441 
8470.882359 	0.171875 
8478.226262 	0.166083 
8485.606532 	0.160655 
8492.747755 	0.155253 
8499.907557 	0.149945 
8507.055820 	0.144636 
8514.468181 	0.139432 
8521.881249 	0.133903 
8529.084102 	0.128729 
8536.307534 	0.123663 
8543.532365 	0.118474 
8550.772026 	0.112966 
8558.241081 	0.107386 
8565.752014 	0.101679 
8573.015583 	0.096354 
8580.309897 	0.090983 
8587.612005 	0.086027 
8595.177208 	0.080912 
8602.736020 	0.075705 
