6786.485388 	3.127496 
6792.169496 	3.116175 
6797.949663 	3.105100 
6803.671269 	3.093687 
6809.476732 	3.082164 
6815.232616 	3.070226 
6821.065079 	3.059202 
6826.860078 	3.048195 
6832.711629 	3.036497 
6838.537013 	3.025077 
6844.403586 	3.013559 
6850.262403 	3.002159 
6856.139221 	2.990688 
6862.032782 	2.979714 
6867.915455 	2.968682 
6873.837087 	2.957964 
6879.730047 	2.946528 
6885.687479 	2.934841 
6891.591659 	2.923821 
6897.569692 	2.912741 
6903.485563 	2.902147 
6909.492138 	2.890551 
6915.430976 	2.879777 
6921.474382 	2.868885 
6927.457773 	2.857553 
6933.361904 	2.847010 
6939.376704 	2.836303 
6945.449035 	2.825728 
6951.474494 	2.814899 
6957.562175 	2.803921 
6963.456697 	2.792787 
6969.554080 	2.781606 
6975.657585 	2.770617 
6981.779135 	2.759595 
6987.924773 	2.748906 
6994.069974 	2.738432 
7000.239836 	2.727555 
7006.216441 	2.717084 
7012.420479 	2.706286 
7018.580764 	2.695517 
7024.642872 	2.685936 
7030.805648 	2.675540 
7037.065021 	2.664931 
7043.251027 	2.654636 
7049.527928 	2.643358 
7055.738924 	2.632033 
7062.040943 	2.621271 
7068.287429 	2.610337 
7073.209422 	2.602425 
7075.027453 	2.598472 
7075.224755 	2.598542 
7075.422069 	2.598613 
7075.808242 	2.598089 
7076.194459 	2.597143 
7076.580720 	2.596128 
7076.941553 	2.596551 
7077.293933 	2.596902 
7077.633610 	2.595086 
7078.087983 	2.594580 
7078.555158 	2.593836 
7078.873723 	2.593625 
7079.230552 	2.591158 
7079.621407 	2.592026 
7080.012307 	2.590572 
7080.205649 	2.590572 
7080.399003 	2.590572 
7080.789993 	2.589986 
7081.155524 	2.588326 
7081.512592 	2.588840 
7082.005748 	2.587392 
7082.456454 	2.586810 
7082.771132 	2.585948 
7083.085840 	2.586088 
7083.434605 	2.585156 
7083.825944 	2.585577 
7084.213074 	2.582648 
7084.595993 	2.583927 
7084.987466 	2.584208 
7085.357705 	2.581930 
7085.710959 	2.581268 
7086.051480 	2.580848 
7086.362234 	2.579852 
7086.660245 	2.580778 
7086.971055 	2.578635 
7087.286152 	2.579418 
7087.626831 	2.577782 
7088.014394 	2.577560 
7088.402001 	2.578062 
7088.785392 	2.576149 
7089.181609 	2.576639 
7089.556566 	2.574869 
7089.910256 	2.574589 
7090.259721 	2.574090 
7090.579386 	2.575858 
7090.877766 	2.572892 
7091.188962 	2.574230 
7091.508714 	2.572535 
7091.845551 	2.570844 
7092.229331 	2.573452 
7092.621684 	2.571124 
7093.005551 	2.570069 
7093.397993 	2.570984 
7093.777681 	2.569575 
7094.136078 	2.568872 
7094.485977 	2.569082 
7094.806039 	2.568449 
7095.104790 	2.567468 
7095.570041 	2.568133 
7096.056701 	2.566277 
7096.432416 	2.565368 
7096.825254 	2.565368 
7097.015284 	2.564426 
7097.205325 	2.563484 
7097.598251 	2.564880 
7097.982680 	2.563136 
7098.341520 	2.566067 
7098.691852 	2.563555 
7099.170412 	2.563416 
7099.627671 	2.563138 
7099.943942 	2.560775 
7100.268791 	2.561539 
7100.636422 	2.562303 
7101.034020 	2.561124 
7101.418837 	2.560152 
7101.816526 	2.561124 
7102.205708 	2.560291 
7102.569270 	2.559047 
7102.924315 	2.558698 
7103.258005 	2.560017 
7103.561777 	2.560435 
7103.865577 	2.560435 
7104.182241 	2.560574 
7104.507495 	2.560783 
7104.871302 	2.559813 
7105.269395 	2.558913 
7105.654690 	2.559122 
7106.044311 	2.560647 
7106.433976 	2.560026 
7106.802271 	2.561478 
7107.153474 	2.561965 
7107.491862 	2.561617 
7107.796012 	2.563212 
7108.095904 	2.565784 
7108.412962 	2.569759 
7108.734334 	2.575293 
7109.090022 	2.581149 
7109.484321 	2.586103 
7109.870093 	2.589086 
7110.260195 	2.588599 
7110.654629 	2.588112 
7111.023381 	2.590035 
7111.379307 	2.590894 
7111.722404 	2.597693 
7112.031220 	2.604326 
7112.490207 	2.626612 
7112.966418 	2.657801 
7113.313964 	2.677980 
7113.708752 	2.692931 
7114.099293 	2.700777 
7114.296727 	2.701434 
7114.494172 	2.702091 
7114.889096 	2.699951 
7115.262599 	2.700708 
7115.618967 	2.704027 
7115.966784 	2.719795 
7116.432743 	2.762459 
7116.894470 	2.827119 
7117.212346 	2.873558 
7117.551733 	2.918918 
7117.938417 	2.966219 
7118.329442 	3.013119 
7118.716215 	3.067879 
7119.115925 	3.134243 
7119.494189 	3.208912 
7119.851000 	3.301979 
7120.203547 	3.401406 
7120.526032 	3.513636 
7120.827044 	3.619446 
7121.136685 	3.713851 
7121.450655 	3.791319 
7121.786161 	3.847850 
7122.169023 	3.891193 
7122.564835 	3.929528 
7122.947784 	3.969177 
7123.347990 	4.006009 
7123.731027 	4.029126 
7124.092584 	4.052867 
7124.445570 	4.060234 
7124.777065 	4.051750 
7125.078452 	4.043121 
7125.384172 	4.026821 
7125.707145 	4.006844 
7126.038763 	3.991646 
7126.417794 	3.969033 
7126.814098 	3.946634 
7127.201832 	3.924568 
7127.598227 	3.896734 
7127.990359 	3.872463 
7128.352366 	3.848677 
7128.710102 	3.825771 
7129.042011 	3.797313 
7129.348085 	3.781809 
7129.813715 	3.762182 
7130.296658 	3.743219 
7130.667535 	3.737249 
7131.068646 	3.725834 
7131.452548 	3.714623 
7131.648829 	3.710462 
7131.845122 	3.706319 
7132.242055 	3.692315 
7132.604513 	3.678367 
7132.962693 	3.666648 
7133.456871 	3.645840 
7133.912268 	3.614661 
7134.231730 	3.598159 
7134.555539 	3.575722 
7134.913924 	3.552325 
7135.311213 	3.532352 
7135.704230 	3.511686 
7136.092972 	3.495460 
7136.490398 	3.477683 
7136.861947 	3.467761 
7137.220573 	3.456917 
7137.566272 	3.448803 
7137.881753 	3.442455 
7138.184296 	3.438595 
7138.504156 	3.436428 
7138.828370 	3.436915 
7139.182878 	3.437681 
7139.580663 	3.437820 
7139.974169 	3.437751 
7140.367721 	3.439639 
7140.765643 	3.435243 
7141.141981 	3.431890 
7141.501055 	3.426434 
7141.847187 	3.421632 
7142.167389 	3.410797 
7142.470311 	3.402670 
7142.786243 	3.391678 
7143.106533 	3.380535 
7143.452827 	3.370217 
7143.842448 	3.360375 
7144.240774 	3.352963 
7144.626155 	3.343438 
7145.024572 	3.338116 
7145.405709 	3.328537 
7145.765230 	3.323444 
7146.116124 	3.315573 
7146.441058 	3.310211 
7146.900351 	3.300941 
7147.377040 	3.294108 
7147.715096 	3.291829 
7148.100867 	3.287227 
7148.499688 	3.286742 
7148.889883 	3.283737 
7149.091501 	3.283910 
7149.293131 	3.284083 
7149.683417 	3.284152 
7150.047723 	3.287780 
7150.403393 	3.286344 
7150.884908 	3.292216 
7151.353473 	3.294595 
7151.674563 	3.298740 
7152.013043 	3.302347 
7152.399298 	3.306314 
7152.798618 	3.310226 
7153.184961 	3.313875 
7153.588714 	3.320136 
7153.975146 	3.325740 
7154.344251 	3.331929 
7154.700366 	3.337668 
7155.034800 	3.345948 
7155.338860 	3.351698 
7155.647291 	3.361865 
7155.964438 	3.366194 
7156.298996 	3.376086 
7156.672696 	3.382498 
7157.072513 	3.390575 
7157.459337 	3.396798 
7157.859246 	3.403679 
7158.254854 	3.407828 
7158.620070 	3.413878 
7158.980977 	3.420794 
7159.320178 	3.427061 
7159.628966 	3.427061 
7159.937782 	3.435571 
7160.259676 	3.440542 
7160.585951 	3.444224 
7160.955766 	3.450573 
7161.360433 	3.455196 
7161.752092 	3.459700 
7162.152501 	3.466218 
7162.552956 	3.468629 
7162.927336 	3.473260 
7163.288696 	3.477361 
7163.632675 	3.480003 
7163.946206 	3.482375 
7164.412200 	3.485599 
7164.900037 	3.491227 
7165.659516 	3.498871 
7167.210362 	3.509018 
7168.889828 	3.524012 
7170.748137 	3.526718 
7172.717758 	3.512605 
7174.669577 	3.493985 
7176.554609 	3.475664 
7178.228143 	3.459326 
7180.152750 	3.444746 
7182.033341 	3.438642 
7184.088414 	3.438900 
7185.871666 	3.440038 
7187.636546 	3.439085 
7189.712363 	3.430646 
7191.590415 	3.416397 
7193.526003 	3.401334 
7195.395144 	3.385220 
7197.293803 	3.373770 
7199.077654 	3.361088 
7201.053829 	3.348071 
7203.101017 	3.338345 
7205.007217 	3.330781 
7206.939748 	3.326919 
7208.616598 	3.324167 
7210.537903 	3.322377 
7212.490895 	3.321781 
7214.510094 	3.320183 
7216.363043 	3.318691 
7218.072771 	3.318701 
7220.195109 	3.317510 
7222.071322 	3.317450 
7224.022254 	3.316955 
7225.948125 	3.318385 
7227.808524 	3.319870 
7229.657345 	3.322895 
7231.575834 	3.324813 
7233.526781 	3.325057 
7235.417177 	3.322747 
7237.554739 	3.318383 
7239.282944 	3.314828 
7241.352075 	3.312484 
7243.871143 	3.311915 
7246.700674 	3.312297 
7249.178211 	3.311472 
7251.827242 	3.307638 
7254.349934 	3.299814 
7256.924297 	3.293327 
7259.552361 	3.285725 
7262.247526 	3.276218 
7265.096897 	3.265531 
7267.614459 	3.257587 
7270.218510 	3.251488 
7272.838625 	3.248018 
7275.370123 	3.242786 
7278.229732 	3.234158 
7280.729962 	3.223546 
7283.390668 	3.211634 
7286.185873 	3.199766 
7288.738006 	3.192084 
7291.422361 	3.187354 
7293.920832 	3.185234 
7296.788679 	3.182151 
7299.371236 	3.178500 
7301.974762 	3.174476 
7304.832274 	3.172001 
7307.346793 	3.168458 
7310.231225 	3.166074 
7312.799254 	3.162800 
7315.434924 	3.157555 
7318.285760 	3.152856 
7320.817726 	3.147204 
7323.546897 	3.143659 
7326.089819 	3.138635 
7328.947909 	3.132493 
7331.592837 	3.126666 
7334.175921 	3.120429 
7337.089198 	3.114659 
7339.631436 	3.110215 
7342.516889 	3.106850 
7345.145249 	3.102155 
7347.761602 	3.097358 
7351.214847 	3.090851 
7354.617768 	3.083574 
7357.783987 	3.076503 
7361.222401 	3.067943 
7364.679019 	3.060292 
7367.855849 	3.053360 
7371.073007 	3.047431 
7374.726881 	3.042415 
7378.192972 	3.036438 
7381.366544 	3.030415 
7384.794914 	3.023058 
7388.278699 	3.015936 
7391.716840 	3.008220 
7395.111268 	3.001027 
7398.568436 	2.992901 
7402.070913 	2.986098 
7405.311802 	2.978298 
7408.533069 	2.972152 
7412.026136 	2.965028 
7415.525743 	2.958128 
7418.937719 	2.951294 
7422.376395 	2.945981 
7425.881989 	2.941199 
7429.365972 	2.936372 
7432.570289 	2.932189 
7436.064387 	2.927073 
7439.775505 	2.921219 
7443.062822 	2.916683 
7446.304129 	2.911200 
7449.822209 	2.905233 
7453.361605 	2.898798 
7456.827185 	2.892897 
7460.299796 	2.887076 
7463.840577 	2.881252 
7467.388539 	2.876125 
7470.652141 	2.869122 
7473.969696 	2.861647 
7477.719298 	2.853308 
7481.279288 	2.845141 
7484.752404 	2.837794 
7488.668750 	2.830060 
7492.822377 	2.823360 
7496.967907 	2.816198 
7501.107571 	2.809966 
7505.269380 	2.804052 
7509.205637 	2.797148 
7513.148102 	2.790367 
7517.335599 	2.783651 
7521.530175 	2.776071 
7525.724082 	2.768799 
7529.923940 	2.760557 
7533.909315 	2.753760 
7538.085166 	2.746678 
7542.256657 	2.739836 
7546.262862 	2.733549 
7550.484016 	2.726132 
7554.886021 	2.718660 
7559.118071 	2.711383 
7563.131177 	2.704392 
7567.116986 	2.697812 
7571.338345 	2.691199 
7575.560898 	2.683981 
7579.805606 	2.677209 
7584.052798 	2.670820 
7588.304122 	2.663881 
7592.553644 	2.656784 
7596.571181 	2.650071 
7600.832904 	2.642293 
7605.087348 	2.635140 
7609.364681 	2.628086 
7613.651989 	2.620230 
7617.939718 	2.612919 
7622.220295 	2.605366 
7626.278872 	2.598432 
7630.359304 	2.591506 
7634.660187 	2.584978 
7638.960668 	2.578218 
7643.280843 	2.572394 
7647.789860 	2.564584 
7652.296220 	2.557972 
7656.813992 	2.550354 
7661.536029 	2.543060 
7666.477802 	2.535229 
7671.230031 	2.527045 
7675.983682 	2.519316 
7680.736575 	2.511692 
7685.524922 	2.504805 
7690.506795 	2.496880 
7695.497464 	2.489432 
7700.282012 	2.482224 
7705.078481 	2.475225 
7710.092983 	2.467610 
7714.895461 	2.459808 
7719.708720 	2.452265 
7724.741264 	2.444781 
7729.777205 	2.436504 
7734.596482 	2.429033 
7739.438753 	2.422051 
7744.492847 	2.414543 
7749.544806 	2.406611 
7754.414056 	2.399419 
7759.270017 	2.392082 
7764.343669 	2.384183 
7769.441369 	2.376149 
7774.325274 	2.368655 
7779.191228 	2.361320 
7784.307832 	2.352896 
7789.405067 	2.345237 
7794.320405 	2.337197 
7799.234136 	2.329755 
7804.139464 	2.322961 
7809.063290 	2.316155 
7814.205427 	2.308849 
7819.120487 	2.301999 
7824.069753 	2.294682 
7829.233665 	2.286830 
7834.395018 	2.279343 
7839.355478 	2.271906 
7844.348083 	2.264449 
7849.544546 	2.256712 
7855.000858 	2.248128 
7860.656665 	2.240529 
7866.100971 	2.232641 
7871.570387 	2.224773 
7877.232950 	2.216712 
7882.913335 	2.208003 
7888.600149 	2.199667 
7894.292991 	2.191152 
7900.006230 	2.182586 
7905.507010 	2.174524 
7910.996233 	2.166527 
7916.746857 	2.158464 
7922.276887 	2.150647 
7927.816490 	2.142585 
7933.601525 	2.134499 
7939.381194 	2.126387 
7944.956652 	2.118779 
7950.529257 	2.111331 
7956.328613 	2.103824 
7961.914552 	2.096252 
7967.512566 	2.088637 
7973.342152 	2.080667 
7979.178461 	2.072665 
7984.775193 	2.064789 
7990.412525 	2.056516 
7996.264162 	2.048041 
8002.115807 	2.040001 
8008.002887 	2.031854 
8013.867220 	2.023712 
8019.545935 	2.015736 
8025.210924 	2.008271 
8031.123390 	2.000332 
8036.834192 	1.992535 
8042.525709 	1.984690 
8048.465403 	1.976741 
8054.422274 	1.968520 
8060.131736 	1.960911 
8065.870331 	1.953409 
8071.840104 	1.945611 
8077.803536 	1.937750 
8084.033786 	1.929450 
8090.461049 	1.921073 
8096.690378 	1.912964 
8102.908393 	1.904679 
8109.160522 	1.896338 
8115.436400 	1.887664 
8121.704679 	1.879228 
8127.999584 	1.870550 
8134.519039 	1.861955 
8140.802432 	1.853838 
8147.114865 	1.845310 
8153.646476 	1.836963 
8159.994361 	1.828946 
8166.340646 	1.821012 
8172.699633 	1.812833 
8179.090376 	1.804876 
8185.450182 	1.796509 
8191.852475 	1.788415 
8198.470225 	1.779705 
8205.103950 	1.771226 
8211.538690 	1.762594 
8217.962760 	1.754330 
8224.412804 	1.746274 
8230.868572 	1.738223 
8237.313386 	1.730357 
8243.795012 	1.722286 
8250.487087 	1.713756 
8256.980664 	1.705443 
8263.463364 	1.696656 
8269.982331 	1.688712 
8276.509451 	1.680843 
8283.036660 	1.673463 
8289.597628 	1.666156 
8296.389341 	1.658725 
8302.945756 	1.651094 
8309.520011 	1.643170 
8316.335240 	1.634451 
8322.962369 	1.626217 
8329.570177 	1.617840 
8336.191092 	1.609814 
8343.088553 	1.601741 
8350.202921 	1.593193 
8357.333902 	1.584589 
8364.470747 	1.576231 
8371.410081 	1.568629 
8378.352677 	1.560870 
8385.301968 	1.553163 
8392.259251 	1.544971 
8399.439769 	1.536980 
8406.671668 	1.528892 
8413.668989 	1.521253 
8420.689175 	1.513761 
8427.713156 	1.506085 
8434.978702 	1.497872 
8442.263967 	1.489380 
8449.301857 	1.481637 
8456.380329 	1.473840 
8463.467063 	1.466802 
8470.828506 	1.458962 
8478.170873 	1.450469 
8485.509156 	1.442471 
8492.906108 	1.434198 
8500.036054 	1.426686 
8507.177881 	1.418800 
8514.314721 	1.410791 
8521.709697 	1.402493 
8529.127386 	1.393845 
8536.309769 	1.385702 
8543.543112 	1.377454 
8550.774717 	1.369262 
8558.280924 	1.360728 
8565.771822 	1.352696 
8573.012877 	1.344882 
8580.299507 	1.336734 
8587.857047 	1.328157 
8595.444184 	1.319547 
8602.765996 	1.311427 
