6786.548359 	2.961322 
6792.326106 	2.950121 
6798.093514 	2.939754 
6803.747735 	2.929002 
6809.521779 	2.918644 
6815.376284 	2.908202 
6821.175807 	2.897754 
6827.077774 	2.885934 
6832.755942 	2.876029 
6838.519447 	2.866262 
6844.377191 	2.854915 
6850.316831 	2.844378 
6856.200370 	2.833829 
6862.007012 	2.822996 
6867.782532 	2.812818 
6873.779826 	2.801469 
6879.714483 	2.790965 
6885.689483 	2.780317 
6891.701893 	2.769451 
6897.572138 	2.759169 
6903.465632 	2.748685 
6909.345084 	2.738239 
6915.433910 	2.727180 
6921.507680 	2.716603 
6927.463863 	2.705966 
6933.397795 	2.695281 
6939.401332 	2.685073 
6945.363066 	2.674845 
6951.410469 	2.663731 
6957.396601 	2.653613 
6963.472203 	2.642963 
6969.670819 	2.632310 
6975.777983 	2.621582 
6981.831642 	2.611100 
6987.958864 	2.600705 
6994.040518 	2.589818 
7000.183731 	2.579718 
7006.299343 	2.569191 
7012.453065 	2.559093 
7018.588946 	2.548767 
7024.751858 	2.538100 
7030.912439 	2.527306 
7037.079445 	2.517000 
7043.268541 	2.506912 
7049.433413 	2.496432 
7055.644470 	2.486655 
7061.985292 	2.476209 
7068.376825 	2.465936 
7073.153069 	2.457659 
7074.959567 	2.454632 
7075.260822 	2.453456 
7075.574835 	2.455402 
7075.893121 	2.452484 
7076.236903 	2.453254 
7076.627414 	2.451621 
7077.013724 	2.451698 
7077.404324 	2.450452 
7077.803462 	2.450759 
7078.177166 	2.449286 
7078.533921 	2.449209 
7078.882218 	2.448122 
7079.196566 	2.449318 
7079.498198 	2.447542 
7079.808354 	2.446382 
7080.127036 	2.446459 
7080.475497 	2.446843 
7080.862246 	2.445957 
7081.253289 	2.443689 
7081.644377 	2.444726 
7082.039762 	2.445185 
7082.418184 	2.442845 
7082.775385 	2.442845 
7083.124118 	2.442347 
7083.443112 	2.440971 
7083.740867 	2.442003 
7084.051410 	2.441277 
7084.370491 	2.439674 
7084.719387 	2.439332 
7085.110875 	2.437887 
7085.502407 	2.437963 
7085.893985 	2.438269 
7086.294121 	2.438158 
7086.668760 	2.436979 
7087.030666 	2.435768 
7087.375577 	2.434254 
7087.694970 	2.434712 
7087.993098 	2.434865 
7088.304030 	2.434300 
7088.623511 	2.432943 
7088.964323 	2.431999 
7089.347778 	2.433476 
7089.739798 	2.431970 
7090.123340 	2.431256 
7090.519713 	2.431408 
7090.899080 	2.429983 
7091.257173 	2.429575 
7091.606777 	2.429575 
7091.926568 	2.428230 
7092.382855 	2.427862 
7092.856264 	2.428432 
7093.197501 	2.426939 
7093.581433 	2.425448 
7093.973941 	2.427166 
7094.165946 	2.425676 
7094.357961 	2.424188 
7094.754827 	2.425273 
7095.134667 	2.424264 
7095.497474 	2.422379 
7095.847514 	2.423689 
7096.323540 	2.422483 
7096.786822 	2.421884 
7097.102830 	2.420880 
7097.440221 	2.421485 
7097.824632 	2.419857 
7098.217630 	2.417610 
7098.602129 	2.419612 
7098.800804 	2.418875 
7098.999490 	2.418140 
7099.379803 	2.417972 
7099.743064 	2.416670 
7100.253831 	2.416118 
7100.717648 	2.416186 
7101.025469 	2.414193 
7101.337594 	2.414873 
7101.671129 	2.414948 
7102.043187 	2.415325 
7102.440950 	2.413713 
7102.825925 	2.412254 
7103.219501 	2.412782 
7103.604564 	2.412092 
7103.968275 	2.412544 
7104.323466 	2.410788 
7104.653013 	2.410099 
7104.956910 	2.410627 
7105.260833 	2.409863 
7105.577628 	2.409552 
7105.911578 	2.410164 
7106.284099 	2.410541 
7106.682357 	2.409091 
7107.072095 	2.408255 
7107.470444 	2.408330 
7107.860272 	2.407720 
7108.224438 	2.408631 
7108.584357 	2.408330 
7108.922887 	2.408021 
7109.227164 	2.409693 
7109.531469 	2.410917 
7109.852946 	2.411218 
7110.183028 	2.415267 
7110.551729 	2.417871 
7110.950485 	2.419259 
7111.340711 	2.419485 
7111.739559 	2.420331 
7112.129876 	2.419635 
7112.498787 	2.420932 
7112.854867 	2.419392 
7113.193821 	2.418998 
7113.498479 	2.418305 
7113.807456 	2.420143 
7114.288143 	2.423291 
7114.824703 	2.428925 
7115.022178 	2.430705 
7115.219665 	2.432488 
7115.614673 	2.436063 
7116.014021 	2.440660 
7116.404826 	2.444826 
7116.774200 	2.450825 
7117.135022 	2.455636 
7117.470105 	2.461549 
7117.779441 	2.468760 
7118.247796 	2.478251 
7118.737703 	2.489872 
7119.107329 	2.496687 
7119.507086 	2.505076 
7119.704832 	2.508571 
7119.902590 	2.512080 
7120.302439 	2.518839 
7120.698036 	2.530815 
7121.072174 	2.542061 
7121.433450 	2.558130 
7121.773256 	2.580729 
7122.235706 	2.630587 
7122.706823 	2.690133 
7123.038149 	2.739823 
7123.412544 	2.791927 
7123.812804 	2.845890 
7124.204503 	2.902524 
7124.404673 	2.933925 
7124.604856 	2.966346 
7125.000950 	3.040225 
7125.375560 	3.117149 
7125.732984 	3.194523 
7126.228273 	3.292664 
7126.689171 	3.353089 
7127.012267 	3.357124 
7127.344012 	3.341946 
7127.718878 	3.309649 
7128.119643 	3.271063 
7128.511834 	3.231843 
7128.912692 	3.199280 
7129.110983 	3.186360 
7129.309285 	3.173582 
7129.684367 	3.155708 
7130.046554 	3.142308 
7130.542468 	3.129416 
7131.008260 	3.118193 
7131.327451 	3.114804 
7131.663928 	3.110152 
7132.039268 	3.109439 
7132.444854 	3.114461 
7132.841857 	3.118374 
7133.243222 	3.126578 
7133.441764 	3.130871 
7133.640318 	3.135190 
7134.015874 	3.140677 
7134.546904 	3.146154 
7135.026197 	3.145588 
7135.337125 	3.141320 
7135.661039 	3.137153 
7135.993622 	3.130534 
7136.369437 	3.122628 
7136.771216 	3.118266 
7137.168721 	3.115021 
7137.570593 	3.110400 
7137.968191 	3.110851 
7138.339900 	3.109692 
7138.703003 	3.109992 
7139.044529 	3.109436 
7139.355822 	3.106380 
7139.667144 	3.104632 
7139.991467 	3.100227 
7140.333121 	3.097804 
7140.709412 	3.093215 
7141.116026 	3.088352 
7141.514035 	3.083288 
7141.920744 	3.078153 
7142.318847 	3.069557 
7142.691028 	3.061225 
7143.054593 	3.049950 
7143.396552 	3.040928 
7143.703911 	3.031294 
7144.024287 	3.018708 
7144.349023 	3.006086 
7144.691111 	2.998647 
7145.076543 	2.988148 
7145.483675 	2.975021 
7145.882191 	2.967087 
7146.289419 	2.956217 
7146.683696 	2.948497 
7147.056351 	2.939663 
7147.420378 	2.930449 
7147.754104 	2.924905 
7148.061855 	2.917213 
7148.382638 	2.909440 
7148.707786 	2.902939 
7149.050309 	2.897153 
7149.436231 	2.891858 
7149.839544 	2.884007 
7150.238566 	2.877834 
7150.646311 	2.871779 
7151.045427 	2.866921 
7151.418556 	2.860719 
7151.783047 	2.854782 
7152.121537 	2.848812 
7152.429679 	2.843488 
7152.750871 	2.837887 
7153.076433 	2.834324 
7153.428075 	2.830923 
7153.823173 	2.824743 
7154.231344 	2.820211 
7154.630877 	2.818177 
7155.043487 	2.813386 
7155.438771 	2.809506 
7155.816722 	2.806763 
7156.177335 	2.803323 
7156.511913 	2.802844 
7156.824795 	2.799275 
7157.146398 	2.795793 
7157.481070 	2.794881 
7157.837511 	2.791711 
7158.241811 	2.790583 
7158.646159 	2.790804 
7159.054903 	2.790120 
7159.463696 	2.787946 
7159.659411 	2.789106 
7159.855138 	2.790267 
7160.224875 	2.792203 
7160.749100 	2.793294 
7161.221188 	2.797311 
7161.547554 	2.799873 
7161.878303 	2.803581 
7162.243905 	2.807596 
7162.648724 	2.811477 
7163.053590 	2.816600 
7163.458504 	2.821452 
7163.663156 	2.823526 
7163.867821 	2.825604 
7164.255410 	2.831819 
7164.625620 	2.836966 
7165.463096 	2.850890 
7167.062162 	2.872678 
7169.013684 	2.890386 
7170.717593 	2.904557 
7172.670316 	2.916725 
7174.598519 	2.924465 
7176.485770 	2.927737 
7178.331782 	2.930001 
7180.301515 	2.932614 
7182.248294 	2.931867 
7183.961387 	2.928018 
7185.928640 	2.920218 
7187.850386 	2.912467 
7189.762088 	2.906528 
7191.592171 	2.902258 
7193.592767 	2.898240 
7195.519809 	2.894633 
7197.242138 	2.889681 
7199.217850 	2.883506 
7200.955228 	2.878165 
7202.866999 	2.869835 
7204.886763 	2.858838 
7206.912410 	2.848213 
7208.828357 	2.838634 
7210.567035 	2.831686 
7212.553020 	2.827137 
7214.282080 	2.821094 
7216.217140 	2.816302 
7218.228926 	2.810359 
7220.273750 	2.803609 
7222.173183 	2.796875 
7223.919453 	2.788164 
7225.907780 	2.780376 
7227.633751 	2.775355 
7229.583373 	2.770482 
7231.586344 	2.767956 
7233.641420 	2.766391 
7235.532174 	2.766579 
7237.293180 	2.767510 
7239.285614 	2.768496 
7241.207346 	2.768678 
7243.915709 	2.768230 
7246.442951 	2.766310 
7249.097554 	2.765598 
7251.725148 	2.766116 
7254.296056 	2.765987 
7257.176725 	2.768363 
7259.694976 	2.769202 
7262.374411 	2.768858 
7264.989289 	2.765168 
7267.584973 	2.759336 
7270.283941 	2.752188 
7272.805244 	2.743310 
7275.521737 	2.733941 
7278.095038 	2.725380 
7280.742294 	2.720158 
7283.417953 	2.715682 
7285.973869 	2.712277 
7288.887056 	2.708309 
7291.466247 	2.704172 
7294.143973 	2.697887 
7296.815450 	2.690865 
7299.396328 	2.684907 
7302.313728 	2.679092 
7304.678092 	2.674292 
7307.400521 	2.667355 
7310.238768 	2.659299 
7312.851308 	2.652281 
7315.602250 	2.645857 
7318.171305 	2.640512 
7320.913394 	2.635137 
7323.537128 	2.631317 
7326.202576 	2.628287 
7328.952230 	2.624332 
7331.542138 	2.620592 
7334.320131 	2.616475 
7336.930328 	2.610995 
7339.644522 	2.606076 
7342.368005 	2.601297 
7344.992678 	2.597285 
7347.959571 	2.594329 
7350.993033 	2.590543 
7354.257950 	2.587371 
7357.777337 	2.584028 
7361.274113 	2.581850 
7364.512719 	2.580449 
7367.812761 	2.576524 
7371.342562 	2.569379 
7374.844011 	2.560240 
7378.083010 	2.551100 
7381.397954 	2.542233 
7384.924798 	2.534228 
7388.205634 	2.529280 
7391.475169 	2.526047 
7395.010474 	2.523143 
7398.539462 	2.518161 
7401.806270 	2.512397 
7405.113396 	2.506624 
7408.665898 	2.499578 
7412.192854 	2.491797 
7415.459006 	2.485453 
7418.799824 	2.479588 
7422.370144 	2.473999 
7425.892938 	2.468366 
7429.169422 	2.463534 
7432.538883 	2.457970 
7436.103602 	2.451915 
7439.610636 	2.444637 
7442.911357 	2.438244 
7446.320384 	2.432368 
7449.890968 	2.426358 
7453.187179 	2.421452 
7456.550047 	2.416410 
7460.157669 	2.412026 
7463.720440 	2.407057 
7467.031080 	2.402825 
7470.428968 	2.398177 
7474.227622 	2.392612 
7477.803443 	2.387472 
7481.135204 	2.383393 
7484.752722 	2.378402 
7488.763299 	2.373025 
7492.960322 	2.366707 
7496.940627 	2.360273 
7500.919571 	2.354157 
7504.899061 	2.347535 
7509.112298 	2.340263 
7513.330313 	2.333336 
7517.536006 	2.326250 
7521.754733 	2.319467 
7525.752370 	2.314007 
7529.740893 	2.308522 
7533.760879 	2.302868 
7538.027078 	2.296709 
7542.289127 	2.289599 
7546.558823 	2.282674 
7550.860251 	2.275526 
7554.944025 	2.269010 
7559.017776 	2.262415 
7563.130202 	2.256090 
7567.281916 	2.250036 
7571.429076 	2.243621 
7575.772273 	2.237556 
7580.132214 	2.230918 
7584.253300 	2.225112 
7588.362838 	2.218821 
7592.482398 	2.212239 
7596.614467 	2.206305 
7600.762034 	2.199873 
7605.116707 	2.193454 
7609.479963 	2.186995 
7613.600594 	2.181762 
7617.719914 	2.176274 
7621.865649 	2.170930 
7626.231402 	2.164939 
7630.595615 	2.158591 
7634.781235 	2.152847 
7639.144195 	2.145490 
7643.521472 	2.139209 
7647.685887 	2.133127 
7652.077399 	2.127110 
7656.680810 	2.120859 
7661.519341 	2.114032 
7666.343246 	2.107360 
7671.190673 	2.100395 
7676.029145 	2.093258 
7680.875581 	2.086457 
7685.720265 	2.079537 
7690.590892 	2.072897 
7695.454211 	2.065754 
7700.323252 	2.059147 
7705.217403 	2.052093 
7710.097633 	2.045101 
7715.003044 	2.037849 
7719.885446 	2.030995 
7724.980614 	2.023592 
7729.907161 	2.016760 
7734.819521 	2.009862 
7739.741601 	2.003010 
7744.666483 	1.996621 
7749.624342 	1.989874 
7754.343128 	1.983907 
7759.299570 	1.976948 
7764.258439 	1.969964 
7769.230938 	1.963438 
7774.212688 	1.956479 
7778.985534 	1.949994 
7783.983179 	1.943770 
7788.973735 	1.936963 
7793.981801 	1.930722 
7798.972923 	1.924377 
7804.000095 	1.917473 
7809.229952 	1.910587 
7814.248690 	1.903448 
7819.297128 	1.896801 
7824.322289 	1.889831 
7829.361948 	1.883021 
7834.419923 	1.876499 
7839.469785 	1.869698 
7844.540243 	1.862989 
7849.602890 	1.856318 
7855.108320 	1.849082 
7860.651284 	1.842229 
7866.192377 	1.834993 
7871.736290 	1.827527 
7877.321055 	1.820332 
7882.895260 	1.812725 
7888.498283 	1.805564 
7894.113164 	1.798565 
7899.726397 	1.791263 
7905.347200 	1.783903 
7910.981419 	1.776921 
7916.617452 	1.769964 
7922.279535 	1.762501 
7927.948719 	1.755359 
7933.625948 	1.748094 
7939.330168 	1.740961 
7945.010140 	1.734184 
7950.741374 	1.727225 
7956.235272 	1.720210 
7961.948642 	1.713280 
7967.695412 	1.706076 
7973.435420 	1.699045 
7979.199684 	1.691810 
7984.728387 	1.684898 
7990.481840 	1.677869 
7996.246631 	1.671182 
8002.020580 	1.664220 
8007.790099 	1.657724 
8013.593359 	1.650358 
8019.372615 	1.643056 
8025.177861 	1.636261 
8030.978737 	1.629193 
8036.767657 	1.622292 
8042.815240 	1.615091 
8048.633947 	1.608469 
8054.432523 	1.601643 
8060.258227 	1.594878 
8066.053228 	1.588113 
8071.873528 	1.581116 
8077.671212 	1.574073 
8083.931895 	1.566912 
8090.199029 	1.559207 
8096.475950 	1.551716 
8102.767869 	1.544201 
8109.077125 	1.536948 
8115.638603 	1.529305 
8122.009682 	1.521765 
8128.139955 	1.514740 
8134.308547 	1.507355 
8140.741187 	1.500005 
8147.189389 	1.492128 
8153.455735 	1.485143 
8159.957511 	1.477432 
8166.486687 	1.469664 
8172.775332 	1.462745 
8179.079702 	1.455535 
8185.409562 	1.448160 
8191.955549 	1.440690 
8198.504049 	1.433303 
8204.806389 	1.425979 
8211.367429 	1.418639 
8217.938277 	1.410976 
8224.497807 	1.403620 
8231.110885 	1.395955 
8237.472632 	1.389085 
8243.832423 	1.381940 
8250.212664 	1.374872 
8256.841831 	1.367729 
8263.462496 	1.360132 
8270.079517 	1.352846 
8276.718307 	1.345466 
8283.139818 	1.338554 
8289.791627 	1.330958 
8296.468523 	1.323887 
8302.904835 	1.317029 
8309.352352 	1.309832 
8316.070068 	1.302654 
8323.012209 	1.294693 
8329.754174 	1.287615 
8336.483622 	1.280718 
8343.245335 	1.273740 
8350.014543 	1.266344 
8357.033168 	1.259179 
8364.067811 	1.251409 
8371.326433 	1.243687 
8378.402971 	1.236318 
8385.242076 	1.229065 
8392.352481 	1.221736 
8399.479202 	1.214297 
8406.594570 	1.206849 
8413.727564 	1.199392 
8420.881720 	1.191878 
8428.087161 	1.184422 
8435.030181 	1.177376 
8441.969491 	1.170473 
8449.169244 	1.163066 
8456.602268 	1.155467 
8463.852652 	1.148086 
8470.836602 	1.141115 
8478.101234 	1.133725 
8485.376931 	1.126301 
8492.632312 	1.119000 
8499.904013 	1.111592 
8507.188977 	1.104474 
8514.515700 	1.097057 
8521.575994 	1.089964 
8528.649954 	1.083128 
8536.249991 	1.075390 
8543.845820 	1.068045 
8551.224643 	1.060966 
8558.351030 	1.054027 
8565.498125 	1.047163 
8572.914569 	1.040107 
8580.320739 	1.032756 
8587.749127 	1.025483 
8595.181681 	1.018292 
8602.645640 	1.011206 
8610.108831 	1.003919 
8617.594004 	0.996793 
