6786.573336 	1.191047 
6792.389430 	1.182776 
6798.088462 	1.174426 
6803.780104 	1.166228 
6809.492273 	1.158156 
6815.235232 	1.149964 
6821.124483 	1.141545 
6827.066178 	1.133140 
6832.814424 	1.124925 
6838.634941 	1.116671 
6844.401554 	1.108749 
6850.261301 	1.100480 
6856.220679 	1.092095 
6862.107232 	1.083857 
6867.917448 	1.075627 
6873.822765 	1.067540 
6879.659343 	1.059367 
6885.575231 	1.051392 
6891.443050 	1.043218 
6897.537502 	1.034929 
6903.600450 	1.026740 
6909.542249 	1.018511 
6915.462667 	1.010436 
6921.412077 	1.002316 
6927.366416 	0.994222 
6933.321707 	0.986423 
6939.311231 	0.978271 
6945.449582 	0.970058 
6951.628140 	0.961893 
6957.610861 	0.953926 
6963.650299 	0.946009 
6969.646696 	0.938230 
6975.729220 	0.930201 
6981.754723 	0.922285 
6987.876764 	0.914204 
6993.931589 	0.906433 
7000.070846 	0.898516 
7006.325443 	0.890324 
7012.491040 	0.882327 
7018.608419 	0.874605 
7024.786776 	0.866828 
7030.933146 	0.858850 
7037.123623 	0.851000 
7043.312443 	0.843279 
7049.519615 	0.835656 
7055.736814 	0.827939 
7061.947557 	0.820384 
7068.194036 	0.812931 
7073.012662 	0.807108 
7074.781373 	0.804941 
7075.099584 	0.804350 
7075.422069 	0.804092 
7075.761559 	0.803457 
7076.152015 	0.803268 
7076.546761 	0.802822 
7076.937308 	0.802871 
7077.336391 	0.802238 
7077.718535 	0.801951 
7078.079489 	0.801219 
7078.436234 	0.800810 
7078.763284 	0.800395 
7079.064877 	0.800065 
7079.383490 	0.799622 
7079.710630 	0.799564 
7080.054799 	0.798486 
7080.445749 	0.798643 
7080.845245 	0.798351 
7081.227785 	0.797859 
7081.627372 	0.796876 
7082.005748 	0.796499 
7082.362906 	0.796223 
7082.720101 	0.796479 
7083.043311 	0.795470 
7083.345284 	0.795401 
7083.664298 	0.795067 
7083.987597 	0.794422 
7084.340709 	0.794057 
7084.736408 	0.793568 
7085.132153 	0.793221 
7085.519431 	0.792486 
7085.919524 	0.792689 
7086.298378 	0.792433 
7086.660245 	0.791457 
7087.013634 	0.791429 
7087.332994 	0.791173 
7087.639607 	0.790045 
7087.959025 	0.790261 
7088.286992 	0.790094 
7088.644810 	0.789531 
7089.045271 	0.789288 
7089.437257 	0.788866 
7089.829288 	0.788368 
7090.229888 	0.787372 
7090.604960 	0.787462 
7090.963022 	0.787169 
7091.316859 	0.787156 
7091.628095 	0.786406 
7091.935096 	0.786202 
7092.254918 	0.785885 
7092.583299 	0.785617 
7092.945835 	0.784844 
7093.346802 	0.785212 
7093.735018 	0.784222 
7094.127544 	0.784413 
7094.524383 	0.784110 
7094.895661 	0.783831 
7095.254176 	0.783125 
7095.604190 	0.782859 
7095.920088 	0.782529 
7096.227476 	0.782115 
7096.547701 	0.782433 
7096.880767 	0.781408 
7097.248032 	0.781402 
7097.653777 	0.781124 
7098.042484 	0.780529 
7098.439780 	0.779927 
7098.837122 	0.779968 
7099.208871 	0.779679 
7099.572113 	0.779264 
7099.918297 	0.778740 
7100.226046 	0.778354 
7100.538098 	0.778982 
7100.863004 	0.778839 
7101.196493 	0.777958 
7101.572775 	0.778488 
7101.979036 	0.777428 
7102.368237 	0.777678 
7102.766037 	0.777828 
7103.159606 	0.777403 
7103.527548 	0.777496 
7103.886972 	0.777209 
7104.229315 	0.777295 
7104.537454 	0.776595 
7104.849901 	0.776912 
7105.170938 	0.776774 
7105.504848 	0.776752 
7105.881607 	0.776897 
7106.284099 	0.776243 
7106.673792 	0.776570 
7107.072095 	0.776760 
7107.466161 	0.777299 
7107.830284 	0.777057 
7108.190162 	0.777660 
7108.532937 	0.778739 
7108.845751 	0.779727 
7109.158592 	0.781281 
7109.484321 	0.784327 
7109.822940 	0.788356 
7110.213037 	0.794234 
7110.616041 	0.800916 
7111.006229 	0.805658 
7111.409327 	0.808796 
7111.799605 	0.810487 
7112.168481 	0.810456 
7112.528816 	0.809239 
7112.867738 	0.806149 
7113.176658 	0.800752 
7113.494188 	0.797237 
7113.824622 	0.794740 
7114.167965 	0.794442 
7114.562851 	0.795169 
7114.966369 	0.796914 
7115.352761 	0.798725 
7115.756372 	0.801603 
7116.142853 	0.805020 
7116.503608 	0.808925 
7116.864402 	0.814824 
7117.195162 	0.820923 
7117.500178 	0.829664 
7117.818110 	0.840743 
7118.144666 	0.855064 
7118.492741 	0.873788 
7118.888128 	0.897056 
7119.287858 	0.927008 
7119.679038 	0.963112 
7120.083161 	1.007305 
7120.465832 	1.057907 
7120.831345 	1.112398 
7121.192595 	1.169895 
7121.523775 	1.229014 
7121.829177 	1.286586 
7122.151815 	1.343671 
7122.483088 	1.400807 
7122.835907 	1.459816 
7123.236100 	1.519771 
7123.640644 	1.582333 
7124.032322 	1.649727 
7124.436960 	1.719462 
7124.820119 	1.794055 
7125.186097 	1.873523 
7125.547808 	1.954166 
7125.870797 	2.035225 
7126.180894 	2.117864 
7126.503943 	2.195822 
7126.835638 	2.268939 
7127.193215 	2.333524 
7127.598227 	2.389184 
7127.994668 	2.433000 
7128.391155 	2.464972 
7128.791999 	2.489838 
7129.171335 	2.505238 
7129.537779 	2.516126 
7129.891327 	2.521935 
7130.210413 	2.524132 
7130.516592 	2.525345 
7130.840050 	2.524163 
7131.172166 	2.523618 
7131.538824 	2.522202 
7131.944351 	2.520696 
7132.341296 	2.517363 
7132.742602 	2.514481 
7133.143955 	2.510033 
7133.519458 	2.504985 
7133.886367 	2.498307 
7134.240365 	2.490205 
7134.559857 	2.479828 
7134.870743 	2.469258 
7135.198931 	2.455443 
7135.531470 	2.439041 
7135.907234 	2.421742 
7136.313278 	2.402642 
7136.710730 	2.380775 
7137.112549 	2.359961 
7137.514415 	2.337604 
7137.890396 	2.315635 
7138.257775 	2.293799 
7138.607901 	2.272075 
7138.923478 	2.251705 
7139.234760 	2.230473 
7139.563367 	2.210595 
7139.900653 	2.191121 
7140.281222 	2.173213 
7140.687785 	2.154800 
7141.081418 	2.136585 
7141.483750 	2.119187 
7141.881802 	2.102248 
7142.253935 	2.085220 
7142.617454 	2.071373 
7142.963698 	2.056101 
7143.275347 	2.042368 
7143.591354 	2.029457 
7143.920378 	2.015094 
7144.258094 	2.002485 
7144.643477 	1.990910 
7145.054888 	1.979927 
7145.449023 	1.969230 
7145.856199 	1.959508 
7146.250427 	1.948437 
7146.623035 	1.938745 
7146.987016 	1.929217 
7147.329368 	1.920280 
7147.641414 	1.911608 
7147.962158 	1.901390 
7148.291602 	1.892118 
7148.634083 	1.883640 
7149.024294 	1.873848 
7149.436231 	1.863316 
7149.830870 	1.853359 
7150.238566 	1.843294 
7150.633297 	1.832157 
7151.002043 	1.821276 
7151.366489 	1.811170 
7151.704939 	1.799258 
7152.013043 	1.788689 
7152.334196 	1.777433 
7152.659719 	1.765326 
7153.006977 	1.753866 
7153.402027 	1.743041 
7153.810147 	1.731847 
7154.200947 	1.721777 
7154.609162 	1.710811 
7155.000052 	1.701341 
7155.369267 	1.692275 
7155.729833 	1.684148 
7156.068713 	1.676065 
7156.377209 	1.669586 
7156.703115 	1.663401 
7157.033399 	1.657025 
7157.385446 	1.652819 
7157.785346 	1.648709 
7158.189640 	1.645451 
7158.585286 	1.643458 
7158.994023 	1.642592 
7159.385412 	1.642519 
7159.755099 	1.643040 
7160.120475 	1.644770 
7160.451087 	1.647298 
7160.764327 	1.650747 
7161.090650 	1.654506 
7161.421355 	1.658946 
7161.778204 	1.664126 
7162.182968 	1.669887 
7162.587780 	1.675454 
7162.983932 	1.682663 
7163.393192 	1.690999 
7163.776373 	1.697850 
7164.142177 	1.705403 
7164.503664 	1.713670 
7164.834698 	1.722954 
7165.469268 	1.740099 
7166.961912 	1.776718 
7168.862790 	1.821426 
7170.586694 	1.862434 
7172.725035 	1.905398 
7174.625020 	1.935471 
7176.563350 	1.946047 
7178.325223 	1.950720 
7180.164126 	1.950927 
7182.221588 	1.947314 
7183.981974 	1.943980 
7185.939012 	1.940612 
7187.844393 	1.938301 
7189.794555 	1.934850 
7191.551785 	1.929923 
7193.419711 	1.923936 
7195.467657 	1.915681 
7197.249833 	1.907590 
7199.205238 	1.897976 
7201.114575 	1.884995 
7203.079288 	1.872537 
7204.832707 	1.859030 
7206.728986 	1.845448 
7208.769828 	1.830043 
7210.574319 	1.817561 
7212.521810 	1.805183 
7214.439390 	1.794432 
7216.416984 	1.785276 
7218.171860 	1.778207 
7220.091388 	1.771613 
7222.125500 	1.764832 
7223.951357 	1.759952 
7225.889011 	1.755648 
7227.821832 	1.751197 
7229.813283 	1.748255 
7231.566064 	1.745477 
7233.514340 	1.744033 
7235.540177 	1.742450 
7237.387926 	1.742525 
7239.318994 	1.743214 
7241.472316 	1.744399 
7243.977226 	1.746512 
7246.580889 	1.748361 
7249.184587 	1.750831 
7251.869995 	1.754222 
7254.403574 	1.757197 
7257.121125 	1.760008 
7259.706488 	1.761945 
7262.348809 	1.763043 
7265.022596 	1.762633 
7267.581127 	1.760992 
7270.313449 	1.757812 
7272.884204 	1.753366 
7275.564781 	1.747475 
7278.214623 	1.741133 
7280.811139 	1.733346 
7283.544803 	1.725433 
7286.107900 	1.716424 
7288.821841 	1.707596 
7291.444949 	1.699001 
7294.084230 	1.690604 
7296.814049 	1.682134 
7299.381046 	1.674621 
7302.121462 	1.667451 
7304.723439 	1.660943 
7307.406437 	1.655038 
7310.121330 	1.649821 
7312.709110 	1.644526 
7315.462540 	1.639868 
7318.054252 	1.634931 
7320.783235 	1.630151 
7323.473953 	1.625728 
7326.100899 	1.621318 
7328.865476 	1.616849 
7331.461848 	1.612683 
7334.228019 	1.608583 
7336.893717 	1.604581 
7339.562738 	1.600752 
7342.320207 	1.597528 
7344.927152 	1.594338 
7347.896449 	1.590678 
7351.168336 	1.586899 
7354.395856 	1.583500 
7357.714424 	1.579335 
7361.235713 	1.575362 
7364.493693 	1.571258 
7367.764032 	1.566703 
7371.291730 	1.562092 
7374.820883 	1.557116 
7378.073172 	1.552444 
7381.372723 	1.547806 
7384.921706 	1.542393 
7388.259610 	1.537527 
7391.511832 	1.532181 
7395.034768 	1.526250 
7398.597928 	1.519942 
7401.922793 	1.513541 
7405.199444 	1.507135 
7408.746842 	1.500265 
7412.321664 	1.493080 
7415.634463 	1.486236 
7418.944484 	1.479692 
7422.518073 	1.472799 
7425.908449 	1.466539 
7429.200538 	1.460480 
7432.747306 	1.454253 
7436.344130 	1.448875 
7439.732062 	1.443908 
7442.818831 	1.439289 
7446.216037 	1.434799 
7449.827983 	1.429985 
7453.380519 	1.425096 
7456.700840 	1.420610 
7460.124507 	1.416162 
7463.742043 	1.411269 
7467.082106 	1.406936 
7470.455362 	1.402525 
7474.082249 	1.397724 
7477.697452 	1.392411 
7481.037454 	1.388014 
7484.647467 	1.383018 
7488.665885 	1.377740 
7492.879310 	1.371940 
7497.095699 	1.366435 
7501.100209 	1.360789 
7505.103883 	1.355301 
7509.113433 	1.349685 
7513.153871 	1.343885 
7517.405609 	1.337817 
7521.655463 	1.332067 
7525.698338 	1.326299 
7529.741859 	1.320283 
7533.780702 	1.314634 
7538.038520 	1.308469 
7542.306574 	1.302288 
7546.400165 	1.296570 
7550.673895 	1.290403 
7554.973691 	1.284245 
7559.056725 	1.278474 
7563.124841 	1.272657 
7567.220433 	1.266763 
7571.339188 	1.260834 
7575.665561 	1.254624 
7580.006366 	1.248596 
7584.148390 	1.242867 
7588.266644 	1.237082 
7592.377744 	1.231436 
7596.522484 	1.225869 
7600.888866 	1.220046 
7605.238713 	1.214474 
7609.409869 	1.209181 
7613.579344 	1.204046 
7617.711009 	1.198995 
7621.853762 	1.193684 
7626.027466 	1.188679 
7630.416756 	1.183354 
7634.801614 	1.177905 
7639.199838 	1.172384 
7643.608660 	1.167165 
7647.783149 	1.161907 
7651.959868 	1.156413 
7656.593767 	1.150582 
7661.413752 	1.144341 
7666.272268 	1.138152 
7671.109106 	1.131858 
7675.965672 	1.125626 
7680.830363 	1.119094 
7685.702131 	1.113062 
7690.562948 	1.106938 
7695.457465 	1.100789 
7700.339502 	1.094753 
7705.241005 	1.088639 
7710.205001 	1.082686 
7715.123136 	1.076471 
7720.014866 	1.070378 
7724.921199 	1.064260 
7729.834379 	1.058204 
7734.752291 	1.052085 
7739.698374 	1.045987 
7744.615287 	1.039831 
7749.580069 	1.033723 
7754.534721 	1.027836 
7759.492117 	1.021651 
7764.249082 	1.016176 
7769.228361 	1.010179 
7774.196269 	1.004187 
7779.193380 	0.998295 
7784.189616 	0.992494 
7789.187472 	0.986566 
7794.193543 	0.980727 
7798.990395 	0.974948 
7804.015265 	0.969132 
7809.040367 	0.963243 
7814.076788 	0.957383 
7819.106720 	0.951633 
7824.169537 	0.945848 
7829.206137 	0.940189 
7834.263070 	0.934412 
7839.335433 	0.928632 
7844.393643 	0.922700 
7849.686679 	0.916788 
7855.222273 	0.910349 
7860.742796 	0.904262 
7866.065283 	0.898040 
7871.622927 	0.891611 
7877.395700 	0.885215 
7882.953674 	0.878687 
7888.520784 	0.872340 
7894.091860 	0.865886 
7899.686188 	0.859536 
7905.489683 	0.852924 
7911.111251 	0.846710 
7916.724190 	0.840597 
7922.356475 	0.834501 
7928.010754 	0.828433 
7933.671102 	0.822112 
7939.329374 	0.815842 
7945.016921 	0.810134 
7950.678521 	0.803790 
7956.374660 	0.797698 
7962.075830 	0.791590 
7967.788161 	0.785514 
7973.289664 	0.779618 
7979.015943 	0.773392 
7984.752017 	0.767275 
7990.507046 	0.761079 
7996.247543 	0.755040 
8002.037434 	0.748934 
8007.802899 	0.742669 
8013.587866 	0.736620 
8019.385912 	0.730442 
8025.166841 	0.724259 
8031.200653 	0.717999 
8037.029019 	0.712047 
8042.839510 	0.706069 
8048.685688 	0.700087 
8054.509396 	0.693967 
8060.358775 	0.687973 
8065.978733 	0.682033 
8071.823803 	0.675913 
8077.938442 	0.669355 
8084.048878 	0.663232 
8090.166705 	0.657121 
8096.554917 	0.650416 
8102.912285 	0.643824 
8109.299511 	0.637311 
8115.708475 	0.630792 
8121.888026 	0.624405 
8128.088170 	0.618156 
8134.279781 	0.611995 
8140.733891 	0.605304 
8147.165776 	0.598905 
8153.613940 	0.592182 
8160.073766 	0.585738 
8166.287636 	0.579373 
8172.775772 	0.572964 
8179.271020 	0.566634 
8185.528773 	0.560667 
8191.810558 	0.554519 
8198.325439 	0.548153 
8204.850758 	0.541651 
8211.375270 	0.535255 
8217.918691 	0.528914 
8224.244716 	0.522789 
8230.816321 	0.516504 
8237.419847 	0.510186 
8243.769698 	0.504082 
8250.142211 	0.497943 
8256.774215 	0.491739 
8263.380553 	0.485283 
8270.027589 	0.478989 
8276.679910 	0.472554 
8283.106337 	0.466559 
8289.804251 	0.460550 
8296.491221 	0.454179 
8302.953031 	0.448353 
8309.409279 	0.442250 
8316.128947 	0.435973 
8323.089859 	0.429387 
8329.827409 	0.423268 
8336.340547 	0.417362 
8343.101858 	0.411713 
8350.148671 	0.405243 
8357.183361 	0.398895 
8364.211835 	0.392547 
8371.274390 	0.386028 
8378.351817 	0.379688 
8385.474322 	0.373244 
8392.327547 	0.367036 
8399.201192 	0.360919 
8406.571469 	0.354476 
8413.952325 	0.347901 
8420.876638 	0.341906 
8427.788042 	0.335802 
8434.990827 	0.329367 
8442.170030 	0.323063 
8449.353503 	0.316739 
8456.565350 	0.310200 
8463.790755 	0.304055 
8471.058794 	0.297805 
8478.043835 	0.291642 
8485.316707 	0.285271 
8492.829585 	0.278813 
8500.112711 	0.272426 
8507.179656 	0.266314 
8514.238690 	0.260318 
8521.593502 	0.253956 
8528.921236 	0.247604 
8536.259259 	0.241479 
8543.618787 	0.235381 
8551.002590 	0.229346 
8558.426941 	0.223223 
8565.819991 	0.217062 
8573.228440 	0.210862 
8580.631554 	0.204675 
8588.059137 	0.198281 
8595.259102 	0.192420 
8602.447627 	0.186537 
8609.931848 	0.180478 
8617.399841 	0.174424 
8625.141422 	0.167994 
8632.664368 	0.161936 
8639.927913 	0.155909 
8647.500460 	0.149851 
