6786.478884 	0.835620 
6792.240383 	0.828367 
6797.946890 	0.820983 
6803.746714 	0.813623 
6809.631474 	0.806500 
6815.308092 	0.798819 
6821.066826 	0.791321 
6826.931205 	0.784243 
6832.859484 	0.776663 
6838.599162 	0.769646 
6844.386649 	0.762584 
6850.316258 	0.755089 
6856.266155 	0.747659 
6862.073858 	0.740288 
6867.872965 	0.732767 
6873.865829 	0.725630 
6879.833507 	0.718286 
6885.705193 	0.711590 
6891.524365 	0.704287 
6897.574185 	0.697147 
6903.561895 	0.689822 
6909.482798 	0.682884 
6915.337881 	0.675746 
6921.295058 	0.668632 
6927.350333 	0.661316 
6933.494676 	0.653821 
6939.418740 	0.646891 
6945.409033 	0.639997 
6951.506965 	0.632656 
6957.509969 	0.625426 
6963.486979 	0.618433 
6969.660586 	0.611572 
6975.674750 	0.604215 
6981.709313 	0.597430 
6987.928011 	0.590191 
6993.984138 	0.583314 
7000.075641 	0.576364 
7006.292779 	0.569181 
7012.409957 	0.562068 
7018.479434 	0.555058 
7024.784071 	0.548423 
7031.029777 	0.541265 
7037.196314 	0.534196 
7043.297596 	0.527420 
7049.488156 	0.520287 
7055.614803 	0.514022 
7061.991327 	0.507114 
7068.315089 	0.500292 
7073.089414 	0.494848 
7074.760160 	0.493628 
7075.108070 	0.491550 
7075.477233 	0.493052 
7075.833705 	0.492029 
7076.194459 	0.491326 
7076.559496 	0.492125 
7076.899100 	0.490975 
7077.230247 	0.491103 
7077.697304 	0.490705 
7078.121957 	0.489641 
7078.410751 	0.489641 
7078.703818 	0.489030 
7079.013901 	0.488587 
7079.362248 	0.488626 
7079.731874 	0.488275 
7080.093042 	0.487613 
7080.458498 	0.487924 
7080.823994 	0.487222 
7081.164025 	0.487132 
7081.650754 	0.486276 
7082.103538 	0.486341 
7082.379915 	0.485902 
7082.669071 	0.484631 
7082.962505 	0.485114 
7083.272978 	0.486164 
7083.621761 	0.484499 
7083.991852 	0.484545 
7084.344964 	0.483976 
7084.710877 	0.484590 
7085.072575 	0.482840 
7085.413032 	0.482888 
7085.904626 	0.482230 
7086.353720 	0.480571 
7086.630443 	0.481755 
7086.919961 	0.481189 
7087.367060 	0.480623 
7087.873844 	0.480489 
7088.240138 	0.479358 
7088.593691 	0.480407 
7088.960063 	0.480057 
7089.143263 	0.479210 
7089.496911 	0.478713 
7089.995488 	0.477720 
7090.319390 	0.476885 
7090.613485 	0.478013 
7090.894817 	0.477021 
7091.184699 	0.476943 
7091.632359 	0.477050 
7092.139778 	0.476032 
7092.515062 	0.475819 
7092.869060 	0.475469 
7093.235892 	0.475606 
7093.598497 	0.474620 
7093.939808 	0.475682 
7094.268353 	0.475181 
7094.588394 	0.474620 
7094.882858 	0.474134 
7095.160275 	0.474695 
7095.595653 	0.473916 
7096.048163 	0.472030 
7096.402528 	0.472169 
7096.769742 	0.472517 
7097.128453 	0.472030 
7097.491473 	0.470772 
7097.858804 	0.471958 
7098.200542 	0.471958 
7098.529498 	0.470841 
7098.849940 	0.471328 
7099.144773 	0.471118 
7099.567839 	0.470318 
7100.008055 	0.471257 
7100.311537 	0.469307 
7100.662072 	0.470004 
7101.034020 	0.469586 
7101.393181 	0.469238 
7101.760932 	0.467985 
7102.128724 	0.470422 
7102.470891 	0.468890 
7102.804537 	0.468266 
7103.129659 	0.468334 
7103.420584 	0.469169 
7103.846321 	0.468126 
7104.289229 	0.467156 
7104.601653 	0.468266 
7104.952629 	0.467503 
7105.325046 	0.467503 
7105.680378 	0.468546 
7106.048592 	0.469101 
7106.416847 	0.467918 
7106.759444 	0.468198 
7107.089227 	0.469309 
7107.410475 	0.469309 
7107.840994 	0.469552 
7108.271568 	0.472019 
7108.567217 	0.475514 
7108.875748 	0.478451 
7109.227164 	0.479012 
7109.595762 	0.480430 
7109.955826 	0.481954 
7110.320215 	0.479653 
7110.688930 	0.480001 
7111.031957 	0.478743 
7111.362153 	0.479520 
7111.688093 	0.479573 
7112.121297 	0.480282 
7112.550266 	0.480615 
7112.846286 	0.481904 
7113.155204 	0.481689 
7113.507061 	0.483511 
7113.880413 	0.485856 
7114.236637 	0.489164 
7114.605776 	0.493710 
7114.974955 	0.499093 
7115.318413 	0.505393 
7115.653318 	0.517571 
7115.979667 	0.530594 
7116.411269 	0.564668 
7116.842925 	0.613104 
7117.139317 	0.653633 
7117.444328 	0.695929 
7117.796628 	0.738707 
7118.166151 	0.782977 
7118.527120 	0.825191 
7118.892425 	0.870134 
7119.262068 	0.911960 
7119.605957 	0.954747 
7119.936984 	0.998280 
7120.407784 	1.076917 
7120.835645 	1.172586 
7121.128083 	1.252589 
7121.424848 	1.340724 
7121.730241 	1.430430 
7122.078681 	1.523065 
7122.448668 	1.608392 
7122.810090 	1.674675 
7123.175853 	1.727527 
7123.545959 	1.756812 
7123.894584 	1.776175 
7124.389606 	1.773087 
7124.850257 	1.758068 
7125.130121 	1.733438 
7125.422927 	1.709650 
7125.720065 	1.673393 
7126.204584 	1.611013 
7126.566402 	1.568966 
7126.753788 	1.548052 
7127.119973 	1.509171 
7127.486197 	1.467972 
7127.856770 	1.429281 
7128.373916 	1.369289 
7128.865276 	1.318259 
7129.162713 	1.284229 
7129.442931 	1.257327 
7129.736106 	1.237113 
7130.188853 	1.212242 
7130.693412 	1.200945 
7131.064332 	1.192488 
7131.426665 	1.190184 
7131.793351 	1.185147 
7132.164391 	1.182603 
7132.509580 	1.180231 
7132.846173 	1.174469 
7133.169851 	1.173070 
7133.471978 	1.169059 
7133.752549 	1.166676 
7134.190717 	1.165480 
7134.646212 	1.163857 
7134.995969 	1.162940 
7135.371675 	1.165328 
7135.734464 	1.164833 
7136.101611 	1.162802 
7136.473117 	1.164967 
7136.818741 	1.161200 
7137.155758 	1.157929 
7137.484165 	1.155586 
7137.786673 	1.150015 
7138.067597 	1.145977 
7138.510640 	1.136025 
7138.971033 	1.129319 
7139.321233 	1.117908 
7139.697413 	1.112275 
7140.060660 	1.106278 
7140.428271 	1.097918 
7140.800247 	1.089252 
7141.150633 	1.077865 
7141.483750 	1.069565 
7141.812572 	1.061769 
7142.111135 	1.051630 
7142.537390 	1.038049 
7142.981011 	1.024479 
7143.288333 	1.016036 
7143.638974 	1.008742 
7144.015628 	1.000563 
7144.375003 	0.993494 
7144.743077 	0.984530 
7145.115521 	0.978867 
7145.466349 	0.971167 
7145.804217 	0.966164 
7146.133453 	0.959046 
7146.432393 	0.954404 
7146.859185 	0.949239 
7147.303365 	0.943622 
7147.615409 	0.942193 
7147.962158 	0.940962 
7148.339287 	0.939731 
7148.703451 	0.939883 
7149.071989 	0.941653 
7149.444904 	0.943575 
7149.800511 	0.945400 
7150.138806 	0.946437 
7150.468459 	0.952275 
7150.913106 	0.956513 
7151.344795 	0.963271 
7151.648528 	0.967022 
7151.956628 	0.971910 
7152.308155 	0.977843 
7152.681421 	0.982899 
7153.050387 	0.988439 
7153.419392 	0.995529 
7153.792779 	1.000301 
7154.144495 	1.006624 
7154.478875 	1.012893 
7154.808945 	1.018252 
7155.254155 	1.029138 
7155.686389 	1.039447 
7155.986162 	1.045995 
7156.290306 	1.053219 
7156.637932 	1.059153 
7157.016015 	1.064814 
7157.381100 	1.071130 
7157.750571 	1.077516 
7158.124429 	1.082923 
7158.476588 	1.090046 
7158.811390 	1.093138 
7159.298433 	1.103086 
7159.733351 	1.107590 
7160.024777 	1.114197 
7160.324928 	1.116981 
7160.633807 	1.121897 
7160.981872 	1.125067 
7161.360433 	1.126469 
7161.730332 	1.129996 
7162.100271 	1.131745 
7162.478955 	1.132158 
7162.831561 	1.134980 
7163.171141 	1.136695 
7163.654448 	1.138341 
7164.089917 	1.139563 
7164.386068 	1.138149 
7164.686600 	1.138877 
7165.353091 	1.139363 
7166.990824 	1.139835 
7168.902621 	1.141789 
7170.810970 	1.143937 
7172.651543 	1.140492 
7174.442429 	1.135528 
7176.400179 	1.130957 
7178.298256 	1.126363 
7180.273511 	1.122832 
7182.010723 	1.120432 
7183.927222 	1.112850 
7185.930769 	1.100515 
7187.954899 	1.085607 
7189.865927 	1.071711 
7191.615876 	1.060343 
7193.599648 	1.047435 
7195.329078 	1.036432 
7197.285376 	1.026679 
7199.274898 	1.018927 
7201.147150 	1.012857 
7203.061376 	1.009641 
7204.815962 	1.007867 
7206.806440 	1.007158 
7208.713212 	1.005815 
7210.693278 	1.006076 
7212.498255 	1.007726 
7214.373991 	1.009393 
7216.291122 	1.010408 
7218.232613 	1.011741 
7220.225945 	1.013049 
7221.963117 	1.013087 
7223.951357 	1.013619 
7225.764135 	1.013562 
7227.828486 	1.013462 
7229.882229 	1.014118 
7231.696626 	1.013798 
7233.682300 	1.014157 
7235.433478 	1.013912 
7237.445012 	1.013456 
7239.398366 	1.012478 
7241.527243 	1.011670 
7243.857773 	1.009935 
7246.510167 	1.007647 
7248.990438 	1.004843 
7251.810572 	1.001479 
7254.335247 	0.996531 
7256.916389 	0.991573 
7259.722237 	0.985398 
7262.216966 	0.979113 
7264.899058 	0.971872 
7267.403578 	0.966036 
7270.200620 	0.958898 
7273.008747 	0.952840 
7275.527037 	0.947654 
7278.216552 	0.942577 
7280.716638 	0.939183 
7283.534339 	0.934432 
7286.151075 	0.930330 
7288.712130 	0.926937 
7291.565636 	0.923307 
7294.068730 	0.920009 
7296.757574 	0.916536 
7299.331887 	0.913081 
7301.941344 	0.910040 
7304.781824 	0.906741 
7307.481075 	0.902814 
7310.192701 	0.901011 
7312.752288 	0.898115 
7315.555463 	0.895827 
7318.225931 	0.894023 
7320.769324 	0.891082 
7323.663237 	0.888729 
7326.218219 	0.886586 
7328.890833 	0.884062 
7331.526472 	0.881271 
7334.117046 	0.878714 
7337.017362 	0.875437 
7339.557504 	0.872266 
7342.280839 	0.868419 
7345.064021 	0.864022 
7347.858577 	0.861117 
7351.103651 	0.855768 
7354.439867 	0.850766 
7357.762248 	0.845706 
7361.323880 	0.840151 
7364.740518 	0.835034 
7367.881497 	0.830421 
7371.237253 	0.825270 
7374.827719 	0.820021 
7378.247054 	0.815100 
7381.381992 	0.810508 
7384.769659 	0.805435 
7388.378942 	0.800412 
7391.779843 	0.795699 
7394.929840 	0.791552 
7398.357497 	0.787506 
7401.982921 	0.783202 
7405.365844 	0.779130 
7408.544484 	0.774856 
7411.997831 	0.771527 
7415.623116 	0.767434 
7418.990276 	0.763330 
7422.386395 	0.759450 
7425.845493 	0.755903 
7429.267702 	0.752608 
7432.627683 	0.748252 
7436.063916 	0.744349 
7439.716046 	0.740461 
7443.155682 	0.736562 
7446.348175 	0.732956 
7449.825044 	0.729016 
7453.494059 	0.724592 
7456.918167 	0.721109 
7460.149773 	0.717337 
7463.655736 	0.712754 
7467.327514 	0.708578 
7470.745189 	0.703989 
7474.206220 	0.700043 
7477.729718 	0.695961 
7481.028255 	0.691778 
7484.648941 	0.687314 
7488.679516 	0.682160 
7492.737630 	0.677348 
7496.977719 	0.672007 
7501.225185 	0.666786 
7505.286518 	0.662423 
7509.149450 	0.657269 
7513.215569 	0.652952 
7517.482621 	0.647468 
7521.601229 	0.643069 
7525.708732 	0.638514 
7529.812987 	0.633634 
7533.910898 	0.629376 
7537.989673 	0.624643 
7542.080521 	0.619997 
7546.196263 	0.615556 
7550.508891 	0.610994 
7554.814401 	0.606338 
7558.950766 	0.601663 
7563.070561 	0.597563 
7567.179932 	0.593213 
7571.303261 	0.588688 
7575.445477 	0.584244 
7579.783981 	0.579653 
7584.126375 	0.574944 
7588.302783 	0.570471 
7592.447781 	0.566114 
7596.583612 	0.561452 
7600.746500 	0.556883 
7604.920393 	0.552508 
7609.293707 	0.547449 
7613.679574 	0.542864 
7617.884395 	0.538521 
7622.061159 	0.534068 
7626.236361 	0.529342 
7630.431198 	0.524904 
7634.633529 	0.520164 
7639.043767 	0.515855 
7643.458834 	0.510844 
7647.680128 	0.506790 
7652.067147 	0.502225 
7656.863189 	0.497051 
7661.666617 	0.491747 
7666.276863 	0.486828 
7671.106403 	0.481870 
7675.923788 	0.476588 
7680.766735 	0.471515 
7685.611426 	0.466286 
7690.467431 	0.461884 
7695.316419 	0.456605 
7700.191976 	0.452050 
7705.042600 	0.446934 
7709.930312 	0.442347 
7715.008301 	0.437386 
7719.880784 	0.432799 
7724.783538 	0.428257 
7729.680745 	0.423132 
7734.575809 	0.418626 
7739.493712 	0.413725 
7744.409954 	0.408607 
7749.521673 	0.403751 
7754.465852 	0.398522 
7759.394029 	0.393846 
7764.342811 	0.388933 
7769.294033 	0.384009 
7774.439415 	0.378798 
7779.404801 	0.374308 
7784.369257 	0.369417 
7789.340737 	0.364628 
7794.313803 	0.359730 
7799.315951 	0.354843 
7804.093716 	0.350126 
7809.093904 	0.345589 
7814.092868 	0.340449 
7819.094706 	0.335567 
7824.106355 	0.331294 
7829.138950 	0.326521 
7834.361039 	0.321616 
7839.402409 	0.316552 
7844.464511 	0.311898 
7849.726397 	0.307031 
7855.017889 	0.302431 
7860.513077 	0.297491 
7866.216343 	0.292276 
7871.721084 	0.287427 
7877.222462 	0.281763 
7882.934519 	0.276570 
7888.658944 	0.271366 
7894.182369 	0.266463 
7899.720975 	0.261327 
7905.463384 	0.256334 
7911.217866 	0.251016 
7916.801671 	0.246177 
7922.370335 	0.241255 
7927.968594 	0.236321 
7933.575713 	0.231341 
7939.182622 	0.226582 
7944.807333 	0.221753 
7950.635071 	0.216788 
7956.253246 	0.211981 
7961.907002 	0.206986 
7967.536787 	0.201896 
7973.201896 	0.197104 
7979.069258 	0.191828 
7984.933079 	0.186995 
7990.611232 	0.181881 
7996.290126 	0.177102 
8002.179733 	0.172153 
8008.094372 	0.166624 
8013.795372 	0.162028 
8019.507419 	0.157253 
8025.447756 	0.151938 
8031.186219 	0.147294 
8036.937625 	0.142536 
8042.687077 	0.137424 
8048.446458 	0.132977 
8054.221558 	0.128131 
8059.988568 	0.123369 
8065.991394 	0.118313 
8071.771897 	0.113447 
8077.565590 	0.108556 
8083.816342 	0.103484 
8090.252587 	0.098309 
8096.703905 	0.092776 
8102.961392 	0.087873 
8109.221413 	0.082714 
8115.521388 	0.077748 
8121.816945 	0.072704 
8128.129698 	0.067846 
8134.444216 	0.062417 
8140.749700 	0.057287 
8147.081733 	0.052199 
8153.620854 	0.046970 
8159.986841 	0.041771 
8166.354600 	0.036745 
8172.737357 	0.031888 
8179.145854 	0.026564 
8185.531076 	0.021181 
8191.953578 	0.016679 
8198.577584 	0.011476 
8205.004655 	0.006607 
8211.449331 	0.001375 
8217.903238 	-0.003432 
8224.374014 	-0.008424 
8230.840373 	-0.013597 
8237.323644 	-0.018712 
8243.813318 	-0.023558 
8250.299814 	-0.028461 
8257.025766 	-0.033340 
8263.545309 	-0.038717 
8270.075022 	-0.043603 
8276.632769 	-0.048306 
8283.184882 	-0.053714 
8289.755856 	-0.058506 
8296.332914 	-0.063239 
8302.912174 	-0.068114 
8309.507042 	-0.073104 
8316.329310 	-0.078231 
8322.972324 	-0.083244 
8329.603894 	-0.088022 
8336.252032 	-0.092530 
8343.154148 	-0.097343 
8350.260789 	-0.102442 
8357.156974 	-0.107777 
8364.269381 	-0.112783 
8371.451877 	-0.118118 
8378.403033 	-0.123098 
8385.356029 	-0.128168 
8392.314872 	-0.133206 
8399.485849 	-0.138147 
8406.709323 	-0.143402 
8413.706737 	-0.148486 
8420.734811 	-0.153217 
8427.763196 	-0.158628 
8435.023429 	-0.163804 
8442.295834 	-0.168873 
8449.340081 	-0.173859 
